1667294590832 38.46435262758162 1
1667294597874 24.663741924646462 2
1667294604733 18.238270393644388 3
1667294611650 15.902958364000769 4
1667294618666 14.52366731177688 5
1667294625695 13.49737095760161 6
1667294632702 12.84837017144885 7
1667294639903 12.493746487157685 8
1667294647110 12.267385427359041 9
1667294654119 12.10026092433299 10
1667294661178 11.963415176669074 11
1667294668121 11.846565629243033 12
1667294675169 11.74465438592565 13
1667294682199 11.653803797244288 14
1667294689365 11.572605996996492 15
1667294696375 11.498246361102376 16
1667294703349 11.42734517280913 17
1667294710405 11.35846425546845 18
1667294717524 11.288132380489465 19
1667294724429 11.215908557033309 20
1667294731586 11.140046366265269 21
1667294738632 11.060572064399802 22
1667294745648 10.974473331921867 23
1667294752768 10.881910291377578 24
1667294759716 10.780921146120098 25
1667294766656 10.670295622752427 26
1667294773242 10.549945544717568 27
1667294780176 10.418257887557067 28
1667294787255 10.27332594629459 29
1667294794420 10.116661270466317 30
1667294801469 9.949039354347265 31
1667294808452 9.771816453108421 32
1667294815341 9.589371640654793 33
1667294822435 9.405932461228836 34
1667294829633 9.222923099472709 35
1667294836738 9.046824067759399 36
1667294843722 8.876560734318835 37
1667294850675 8.716100204101467 38
1667294857600 8.562615093068926 39
1667294864670 8.414930474381526 40
1667294870601 8.271947811787518 41
1667294877354 8.132067739830486 42
1667294884437 7.992639011800658 43
1667294891573 7.846502206124529 44
1667294898609 7.697058237075887 45
1667294905756 7.541329785147784 46
1667294911791 7.377410522846321 47
1667294918686 7.203571049711452 48
1667294925780 7.017760153726807 49
1667294932859 6.824884671738351 50
1667294939824 6.622546033964461 51
1667294946894 6.414075486331278 52
1667294953831 6.205561964844282 53
1667294960915 6.003172612134981 54
1667294967929 5.815268210769927 55
1667294975081 5.652346644852474 56
1667294982136 5.514722740298117 57
1667294989398 5.4042537012905045 58
1667294996569 5.31625266204803 59
1667295003645 5.246506073000421 60
1667295010677 5.188896586307437 61
1667295017729 5.137908630374983 62
1667295024824 5.096750450192613 63
1667295031866 5.057078168476717 64
1667295038899 5.022443028253882 65
1667295045959 4.988648544618307 66
1667295052997 4.957560245264935 67
1667295060052 4.929499313260869 68
1667295067058 4.899749013861375 69
1667295074087 4.872565098004518 70
1667295081130 4.847528851125389 71
1667295088244 4.82035694577332 72
1667295095224 4.795619382144331 73
1667295102183 4.771128263007236 74
1667295109145 4.747934143621843 75
1667295116123 4.723782731522038 76
1667295123144 4.699566224160103 77
1667295130339 4.678401790861204 78
1667295137465 4.656185866620105 79
1667295144509 4.63364921246686 80
1667295151466 4.609843815804797 81
1667295158521 4.587569665575686 82
1667295165588 4.565613731509075 83
1667295172574 4.542292283617656 84
1667295179555 4.521541856746138 85
1667295186564 4.500581362709444 86
1667295193539 4.477026670976737 87
1667295200702 4.454423994148294 88
1667295207801 4.431925249342284 89
1667295214734 4.410920192359609 90
1667295221602 4.388835009059531 91
1667295228646 4.368573515942054 92
1667295235681 4.347682326998828 93
1667295242700 4.327347641501187 94
1667295249931 4.306017206398423 95
1667295257061 4.285706697517986 96
1667295264053 4.265077403920529 97
1667295271162 4.245358470927125 98
1667295278390 4.225665663857688 99
1667295285564 4.207009535241913 100
1667295292854 4.1885047982917625 101
1667295299783 4.169957810055956 102
1667295306850 4.152448247688321 103
1667295313842 4.134326856616618 104
1667295320885 4.119462682635288 105
1667295327933 4.102055438093145 106
1667295335015 4.085597548810356 107
1667295342193 4.0703060070083446 108
1667295349346 4.054065546379066 109
1667295356301 4.039045596674371 110
1667295363461 4.02386751886621 111
1667295370606 4.010296842986513 112
1667295377820 3.9944989142995735 113
1667295384844 3.9796090778603044 114
1667295391794 3.9671252879191314 115
1667295398760 3.9540687813781776 116
1667295405818 3.940891190877205 117
1667295412665 3.926585601939523 118
1667295419582 3.9136803435816705 119
1667295426600 3.90174181551345 120
1667295433446 3.88876715904245 121
1667295440337 3.874968385257359 122
1667295447281 3.8645868802719474 123
1667295454195 3.8532568402844225 124
1667295461166 3.840595453527275 125
1667295468122 3.8278487629159916 126
1667295474970 3.817745839731747 127
1667295482008 3.8067754181357776 128
1667295489097 3.7935501275415238 129
1667295496256 3.7841907952666527 130
1667295503169 3.7721464143922696 131
1667295509810 3.762344749247819 132
1667295516837 3.751431393741558 133
1667295523893 3.7401795021596027 134
1667295531038 3.729864432282009 135
1667295538042 3.7198037152168353 136
1667295545008 3.7088221223784386 137
1667295551947 3.699727475254254 138
1667295558962 3.6875877319553685 139
1667295566036 3.6775022517674816 140
1667295573048 3.668734590717397 141
1667295580042 3.657843477235964 142
1667295587235 3.648097457574005 143
1667295594314 3.6368179978690223 144
1667295601249 3.6284621274687225 145
1667295608170 3.617437888284797 146
1667295615154 3.607824921577268 147
1667295622243 3.598155734277648 148
1667295629292 3.589066328168693 149
1667295636373 3.5782010494194063 150
1667295643473 3.569035650013465 151
1667295650526 3.55860564336283 152
1667295657347 3.549174015891257 153
1667295664281 3.537260421715513 154
1667295671284 3.5291346658819487 155
1667295678307 3.518705626831973 156
1667295685254 3.509278250847953 157
1667295692341 3.4995878579089887 158
1667295699319 3.488098600390623 159
1667295706244 3.4792262865614227 160
1667295712906 3.4713347011839377 161
1667295720023 3.459570750235938 162
1667295726950 3.4503451215927132 163
1667295733861 3.4378987311073423 164
1667295740909 3.4286445551091336 165
1667295747825 3.4197900502246568 166
1667295754898 3.4087053620138787 167
1667295761851 3.400241498602554 168
1667295768928 3.3892588347994854 169
1667295776140 3.3790886094179617 170
1667295783109 3.3693901439386695 171
1667295790042 3.3591556047027993 172
1667295797074 3.3494236896090865 173
1667295804174 3.338938381479398 174
1667295811246 3.3290158686084816 175
1667295818269 3.318171275603063 176
1667295825319 3.3095871045607255 177
1667295832309 3.298772368889691 178
1667295839417 3.289242079356112 179
1667295846469 3.279352271906356 180
1667295853601 3.26918459755041 181
1667295860553 3.2588369656267195 182
1667295867625 3.2475302078106165 183
1667295874667 3.238072695346181 184
1667295881378 3.226493041066883 185
1667295888320 3.2159561815615336 186
1667295895354 3.206391144454336 187
1667295902319 3.1953717122765277 188
1667295909269 3.185801646127212 189
1667295916290 3.175623034981622 190
1667295923187 3.1655976411446436 191
1667295930256 3.155057036154136 192
1667295937347 3.1444062270111517 193
1667295944589 3.1342298432949236 194
1667295951558 3.1230370121404203 195
1667295958598 3.1138463784853547 196
1667295965713 3.102660845322944 197
1667295972670 3.0916763585275757 198
1667295979739 3.080765370719626 199
1667295986712 3.0717424215175786 200
1667295993754 3.0599780811053177 201
1667296000781 3.0485460473541783 202
1667296007887 3.037243461939967 203
1667296014847 3.0264956718975946 204
1667296021963 3.0146260866741805 205
1667296028855 3.005071828970788 206
1667296035854 2.9937585494481027 207
1667296042904 2.9822899147990967 208
1667296050008 2.970531543847276 209
1667296057097 2.9609590571470927 210
1667296064052 2.9486773776269137 211
1667296070934 2.9365665565352312 212
1667296078027 2.925385871618106 213
1667296085174 2.914240406329774 214
1667296092250 2.9029450840419058 215
1667296099403 2.8921531605211874 216
1667296106482 2.879706650550201 217
1667296113565 2.867558085633401 218
1667296120511 2.8549920667658797 219
1667296127516 2.8446222315798257 220
1667296134519 2.831495657552975 221
1667296141527 2.819683356026372 222
1667296148698 2.8079433465673294 223
1667296155686 2.7957830323356685 224
1667296162793 2.7842647415665134 225
1667296169905 2.7724695737309917 226
1667296176859 2.7596017993797273 227
1667296183681 2.7478550266996433 228
1667296190779 2.7348877560132396 229
1667296197999 2.7214644547055507 230
1667296205030 2.7108890177390363 231
1667296211938 2.6979756632891414 232
1667296218983 2.6851230585579198 233
1667296226157 2.6729647018793194 234
1667296233290 2.660725716309581 235
1667296240276 2.6484840936743868 236
1667296247332 2.6349404236189202 237
1667296253509 2.6225298927728455 238
1667296259839 2.6100875624470863 239
1667296267007 2.5973823705207106 240
1667296274066 2.5840099990357657 241
1667296281137 2.573260395976991 242
1667296288269 2.560098417574069 243
1667296295304 2.5481330143328713 244
1667296302385 2.5365967931824605 245
1667296309345 2.5247313618854426 246
1667296316481 2.509757494369706 247
1667296323550 2.4980340516424975 248
1667296330447 2.486390832230797 249
1667296337584 2.473175240202121 250
1667296344516 2.461125245929317 251
1667296351531 2.4504206190231144 252
1667296358555 2.439940049208107 253
1667296365444 2.4279007176602527 254
1667296372453 2.417715058019794 255
1667296379615 2.404877224156715 256
1667296386659 2.395051843706764 257
1667296393701 2.3824307857117115 258
1667296400681 2.3720010060581616 259
1667296407762 2.362279411482082 260
1667296414893 2.3506106331478804 261
1667296421900 2.341107786680408 262
1667296428895 2.329164576570882 263
1667296435931 2.3194458677592062 264
1667296443004 2.310514208302925 265
1667296450174 2.2999816992279185 266
1667296457374 2.2908435988413927 267
1667296464307 2.281385945432543 268
1667296471255 2.2736178755806247 269
1667296478225 2.2643506131748987 270
1667296485311 2.25440007267177 271
1667296492356 2.2465671854001563 272
1667296499427 2.237168182677763 273
1667296506439 2.228304885908613 274
1667296513376 2.2198772023682696 275
1667296520328 2.213505014979311 276
1667296527452 2.2039914965772858 277
1667296534486 2.195851368696562 278
1667296541225 2.1893002039300034 279
1667296548315 2.1821799639402633 280
1667296555371 2.175034005998296 281
1667296562392 2.1673296893752374 282
1667296569403 2.161241084406316 283
1667296576372 2.1541555576003413 284
1667296583372 2.14695319250881 285
1667296590486 2.1391887982851814 286
1667296597543 2.1346250777670113 287
1667296604525 2.1267146191247583 288
1667296611534 2.1207616616892473 289
1667296618595 2.1149283443234737 290
1667296625688 2.107178414079289 291
1667296632639 2.1023050295547225 292
1667296639546 2.0958612299995028 293
1667296646540 2.0912268828155454 294
1667296653724 2.0838884942036553 295
1667296660849 2.07876849193433 296
1667296667884 2.0730703008785887 297
1667296674967 2.065865568614534 298
1667296681993 2.0618827415612313 299
1667296689156 2.056421891399813 300
1667296696291 2.0510499696324036 301
1667296703322 2.047123346708019 302
1667296710286 2.040336935912709 303
1667296717441 2.0346727633431736 304
1667296724424 2.0311062286318804 305
1667296731434 2.0253461847237855 306
1667296738639 2.02206401100285 307
1667296745608 2.0163201818084038 308
1667296752589 2.010667620024613 309
1667296759643 2.0068741068653355 310
1667296766749 2.0007704729111966 311
1667296773937 1.9952345136271605 312
1667296781065 1.9908958604459517 313
1667296788212 1.9869281837376407 314
1667296795223 1.9840282355575913 315
1667296802231 1.979229328559026 316
1667296809416 1.9746148649674768 317
1667296816597 1.9702378759994734 318
1667296823712 1.9648828782898549 319
1667296830623 1.960174627370549 320
1667296837525 1.9560758458772818 321
1667296844511 1.952251956319682 322
1667296851618 1.9473782235034998 323
1667296858539 1.943164147198671 324
1667296865600 1.9392997773855434 325
1667296872628 1.9358101589963412 326
1667296879769 1.932202523945227 327
1667296886772 1.9272901648143819 328
1667296893786 1.921878569902709 329
1667296901009 1.9177620194271554 330
1667296907963 1.914840037106782 331
1667296914979 1.9094350991468714 332
1667296921932 1.9058508717142824 333
1667296928878 1.9025241329953853 334
1667296935859 1.8999402067281184 335
1667296942928 1.8972083715885715 336
1667296949415 1.8933102399901396 337
1667296956377 1.8868396952108655 338
1667296963312 1.8823865969488807 339
1667296970242 1.8792472533794673 340
1667296977405 1.8769641021154002 341
1667296984574 1.8720183603178997 342
1667296991521 1.8691744744076628 343
1667296998634 1.864720189003632 344
1667297005634 1.8609257129297316 345
1667297012596 1.8573642376078559 346
1667297019610 1.8537981441835514 347
1667297026805 1.8494411068968475 348
1667297033894 1.8469089882084997 349
1667297040896 1.84353880166552 350
1667297047757 1.8402001843762144 351
1667297054637 1.835982099497834 352
1667297061520 1.8323943318817049 353
1667297068649 1.8295450222929224 354
1667297075814 1.8251739586319693 355
1667297082796 1.8223416287001672 356
1667297089803 1.8180804423281698 357
1667297096769 1.8151021800336562 358
1667297103915 1.8110883091358918 359
1667297110984 1.8083306608880245 360
1667297118003 1.8042782677726432 361
1667297125161 1.8013069420403054 362
1667297132167 1.7980805570272482 363
1667297139389 1.7938057491351123 364
1667297146547 1.7911972935838563 365
1667297153551 1.7876457664232885 366
1667297160740 1.7848220055354862 367
1667297167627 1.7803685306635388 368
1667297174586 1.7762588082331714 369
1667297181542 1.7739807446065083 370
1667297188526 1.7708957489275445 371
1667297195631 1.7677265558222943 372
1667297202593 1.7650236571297193 373
1667297209570 1.760207317294911 374
1667297216624 1.7577096540122652 375
1667297223801 1.754480658079866 376
1667297230830 1.7524387842085172 377
1667297237835 1.7490842390426813 378
1667297244825 1.744941542779638 379
1667297251975 1.741405255104937 380
1667297258976 1.7377918366199503 381
1667297265951 1.7360867324431049 382
1667297273065 1.7311172372083292 383
1667297280186 1.7299448259643044 384
1667297287234 1.7252817112903858 385
1667297294215 1.721988838496055 386
1667297301303 1.7190778890860032 387
1667297308350 1.7169708127826249 388
1667297315290 1.7121957808523183 389
1667297322165 1.7103069799921506 390
1667297329265 1.7067575286920336 391
1667297336287 1.7039689946571712 392
1667297343344 1.7009961197029921 393
1667297350358 1.6972970900657987 394
1667297357327 1.6953657961343056 395
1667297364361 1.6902363581421713 396
1667297371411 1.689324718268056 397
1667297378428 1.6855274251749186 398
1667297385574 1.6828666809194077 399
1667297392798 1.6796790478792 400
1667297399965 1.6764663590085027 401
1667297407011 1.672121325493688 402
1667297413910 1.6728670953806224 403
1667297420878 1.6683149274047158 404
1667297427971 1.6652760316904347 405
1667297434434 1.661473974677642 406
1667297441456 1.658950654032466 407
1667297448603 1.6567220792524864 408
1667297455529 1.6523622325455238 409
1667297462578 1.6496386665078187 410
1667297469769 1.6475372047017707 411
1667297476766 1.6450347973399662 412
1667297483824 1.6417526990344113 413
1667297490771 1.6387135567115416 414
1667297497869 1.6360190264397085 415
1667297504779 1.6319717815245636 416
1667297511980 1.6291097606197102 417
1667297518721 1.6290335375175986 418
1667297525606 1.6249008599456378 419
1667297532613 1.6223983316040076 420
1667297539599 1.6185233721683558 421
1667297546592 1.6170457624088317 422
1667297553574 1.6151004356439584 423
1667297560563 1.611564716328048 424
1667297567653 1.6079344131093432 425
1667297574745 1.606256830671055 426
1667297581749 1.6016743222627645 427
1667297588704 1.601296531571239 428
1667297595815 1.5975666643455522 429
1667297602780 1.594861470028543 430
1667297609913 1.591828178220357 431
1667297616877 1.5895800346183682 432
1667297624060 1.5867524559067174 433
1667297631112 1.5839127148168959 434
1667297638177 1.5811328369597035 435
1667297645253 1.5785724237000898 436
1667297652123 1.5760701200182825 437
1667297659102 1.5744724308375966 438
1667297666086 1.5710008193170755 439
1667297673159 1.568767862443065 440
1667297680243 1.566129884896237 441
1667297687365 1.5632719499517007 442
1667297693653 1.5614823705534666 443
1667297700747 1.5582885510367495 444
1667297707791 1.5567631306213705 445
1667297714679 1.5530119395615267 446
1667297721597 1.5503656312613492 447
1667297728563 1.5504379582522274 448
1667297735666 1.5463515448225356 449
1667297742783 1.5447489466124142 450
1667297749905 1.5417767709036676 451
1667297756810 1.5391062381485436 452
1667297763424 1.537204886257014 453
1667297770543 1.5346882212536082 454
1667297777633 1.5327290697509401 455
1667297784552 1.5302664744335093 456
1667297791535 1.5274388957103449 457
1667297798516 1.5252920687480083 458
1667297805719 1.5231465235593022 459
1667297812710 1.5202105849249554 460
1667297819742 1.5186420235818683 461
1667297826749 1.5152133532958412 462
1667297833793 1.5149387506765548 463
1667297840657 1.511391663386558 464
1667297847807 1.509434944820836 465
1667297854708 1.5063435168307437 466
1667297861720 1.5048136382317683 467
1667297868866 1.5022368268608781 468
1667297875825 1.5012228578267681 469
1667297882949 1.497143593322547 470
1667297889915 1.4943615995810602 471
1667297896913 1.4934434517220194 472
1667297903913 1.4915096681183817 473
1667297910965 1.488181085548374 474
1667297918092 1.4855547095073265 475
1667297925075 1.4852745363957014 476
1667297932251 1.4826871192666118 477
1667297939222 1.4804969546206008 478
1667297946257 1.4784831296074317 479
1667297953255 1.474446431260331 480
1667297960358 1.4727510185618016 481
1667297967382 1.472629510058131 482
1667297974331 1.467922787774344 483
1667297981319 1.4678925421232214 484
1667297988437 1.4637480594760195 485
1667297995637 1.4631685744305807 486
1667298002706 1.4602107935800002 487
1667298009699 1.458979956575434 488
1667298016648 1.4563271779730753 489
1667298023775 1.4553151976606287 490
1667298030862 1.4530311146646144 491
1667298037998 1.45099508354906 492
1667298045073 1.4472729819929124 493
1667298052223 1.4475953444636396 494
1667298059198 1.4456126163905527 495
1667298066146 1.4425089030314215 496
1667298073026 1.4404997232608026 497
1667298080228 1.4374936308537785 498
1667298087228 1.4369502838056247 499
1667298093904 1.4325178587811764 500
1667298100789 1.4330022447450843 501
1667298107789 1.4290039670425927 502
1667298114794 1.4270218463837179 503
1667298120768 1.4248686550289986 504
1667298127779 1.4238610949781774 505
1667298134774 1.4222558369517204 506
1667298141813 1.4200056437594857 507
1667298149023 1.4194036415409665 508
1667298155747 1.4168547427583649 509
1667298162708 1.4141457108576054 510
1667298169926 1.411364655809958 511
1667298177050 1.4099155655655253 512
1667298184120 1.408234192362915 513
1667298191170 1.4050595264275467 514
1667298198059 1.404457648951243 515
1667298205017 1.4025077974784526 516
1667298212043 1.4006339158187364 517
1667298219025 1.3975970347355642 518
1667298226073 1.3960649828825678 519
1667298233163 1.39358691945365 520
1667298240328 1.39201064082886 521
1667298247297 1.389946566152023 522
1667298254247 1.3891945688583591 523
1667298261346 1.3864925932689252 524
1667298268487 1.383870988126056 525
1667298275416 1.3842166199842671 526
1667298282473 1.3802091472022298 527
1667298289455 1.3789005265929377 528
1667298296695 1.3775609442260588 529
1667298303728 1.3760490156684562 530
1667298310608 1.373225633565408 531
1667298317810 1.3727116641782962 532
1667298324773 1.3693097565236123 533
1667298331802 1.3673908954862362 534
1667298338879 1.366190611931705 535
1667298346041 1.3649134041951294 536
1667298353111 1.361459750387879 537
1667298360159 1.360268986939995 538
1667298367227 1.3590847999548314 539
1667298374120 1.3559822571351305 540
1667298381227 1.3548529123155666 541
1667298388323 1.3535927596008202 542
1667298395296 1.3515559808379243 543
1667298402152 1.3495824066947655 544
1667298409255 1.3470365956609884 545
1667298416299 1.3451366747465947 546
1667298423346 1.342758373938153 547
1667298430324 1.341708632676023 548
1667298437327 1.3392688659567304 549
1667298444330 1.33928165645313 550
1667298451390 1.3366656539844002 551
1667298458343 1.3346430314512883 552
1667298465298 1.333376426720521 553
1667298472362 1.3327085565069465 554
1667298479489 1.329972583870915 555
1667298486515 1.3278957185921372 556
1667298493514 1.3271263674551437 557
1667298500682 1.324004092670793 558
1667298507555 1.322849580746881 559
1667298514551 1.3216421025521172 560
1667298521681 1.320869064186239 561
1667298528826 1.3160238926187617 562
1667298535713 1.315734851335247 563
1667298542805 1.3120920966484246 564
1667298549737 1.3121434579715952 565
1667298556685 1.3108741764444858 566
1667298563816 1.3085057709703816 567
1667298570888 1.3055207495946068 568
1667298577843 1.305121419263062 569
1667298584893 1.3044650079081204 570
1667298591784 1.3005258466314094 571
1667298598861 1.299375177233142 572
1667298605895 1.2963928548608916 573
1667298612860 1.2967225147716976 574
1667298619755 1.2946188854396465 575
1667298626824 1.2930105917403925 576
1667298633558 1.2901706689211365 577
1667298640369 1.2893440963733676 578
1667298647356 1.2869388437893876 579
1667298654491 1.2868857389523207 580
1667298661358 1.282898732231403 581
1667298668307 1.2830664764444988 582
1667298675286 1.2803919940450035 583
1667298682445 1.2789333457124654 584
1667298689465 1.2777433723446678 585
1667298696493 1.275783233562034 586
1667298703441 1.274351409636438 587
1667298710356 1.2717085034640219 588
1667298717323 1.2705816008728816 589
1667298724277 1.2681790094791943 590
1667298731166 1.2670392756194264 591
1667298738187 1.2641484586663985 592
1667298745137 1.261526327361455 593
1667298752184 1.261604706106252 594
1667298759293 1.2599008421472448 595
1667298766497 1.259130765883518 596
1667298773433 1.2574147404258518 597
1667298780450 1.2553828569080496 598
1667298787444 1.2528598318426551 599
1667298794361 1.251475049878706 600
1667298801399 1.2499717378894195 601
1667298808456 1.2470066849267682 602
1667298815527 1.2481150841698623 603
1667298822456 1.2444737591527424 604
1667298829561 1.2435917524508313 605
1667298836448 1.2419172322804846 606
1667298843488 1.2398579888606116 607
1667298850697 1.2383161513480245 608
1667298857783 1.2359972805281139 609
1667298864790 1.23501353393754 610
1667298871806 1.2333921225112094 611
1667298878921 1.23208150832791 612
1667298886013 1.229049642134079 613
1667298893115 1.228303922674808 614
1667298900171 1.2274689209880307 615
1667298907415 1.2249771260789462 616
1667298914573 1.2228988162510528 617
1667298921698 1.2236945227064848 618
1667298928653 1.2205952368753419 619
1667298935629 1.2190996398906233 620
1667298942751 1.2177790215105884 621
1667298949887 1.215961096837738 622
1667298956979 1.2135112877195742 623
1667298963960 1.211089662703491 624
1667298971090 1.211662937796823 625
1667298978134 1.21167113881681 626
1667298985157 1.2088025664375932 627
1667298992355 1.2053461548972078 628
1667298999530 1.2051964640133799 629
1667299006561 1.2037503605063717 630
1667299013609 1.202938087151519 631
1667299020769 1.2002727394152157 632
1667299027845 1.1985076098366394 633
1667299034811 1.1968631451325185 634
1667299041851 1.196961743121322 635
1667299048884 1.195564138420965 636
1667299055985 1.1935219026649124 637
1667299063085 1.1907619368131426 638
1667299070072 1.1904955934765136 639
1667299077146 1.189526515263184 640
1667299084153 1.1864166991365561 641
1667299091102 1.1845235746689038 642
1667299098170 1.183931675605261 643
1667299105141 1.1821825625003919 644
1667299112127 1.181532207028275 645
1667299119052 1.1789651768445806 646
1667299126093 1.177173190463621 647
1667299133284 1.1759246070434308 648
1667299140305 1.1745088557548984 649
1667299147446 1.1738509596440594 650
1667299154421 1.1726385881244155 651
1667299161531 1.1709257445188117 652
1667299168473 1.1686716727428854 653
1667299175488 1.167029585420016 654
1667299182587 1.1652814837781569 655
1667299189532 1.1642460379785358 656
1667299196674 1.1631900427215682 657
1667299203728 1.1599708152269679 658
1667299210656 1.1601671753643121 659
1667299217782 1.1574402840713367 660
1667299224780 1.156894959112793 661
1667299231697 1.1559346123869725 662
1667299238865 1.154490846252724 663
1667299245866 1.1535309846333872 664
1667299252982 1.1526787838652977 665
1667299259879 1.1492212096857326 666
1667299265533 1.1483029967780316 667
1667299271832 1.1488794152085045 668
1667299278910 1.146274802319777 669
1667299285841 1.1443788885147883 670
1667299292876 1.1435283100472988 671
1667299299611 1.1405507903021586 672
1667299306614 1.1408110882083957 673
1667299313479 1.1403268550479129 674
1667299320515 1.1371811501218703 675
1667299327537 1.1379292108691657 676
1667299334558 1.13557114555874 677
1667299341625 1.133318619622854 678
1667299348840 1.1324923437441812 679
1667299355785 1.1321714641232106 680
1667299362785 1.1299674260061603 681
1667299369685 1.1280521257309715 682
1667299376676 1.1288922533180543 683
1667299383673 1.1257290569003569 684
1667299390731 1.1252075007337576 685
1667299397810 1.12336812052712 686
1667299404894 1.1232356709353932 687
1667299411880 1.1202718182965847 688
1667299418850 1.1206496356190745 689
1667299425778 1.1183203529121333 690
1667299432938 1.1173483535678095 691
1667299440031 1.1163780793527163 692
1667299447038 1.1138133606425702 693
1667299453758 1.11280837781845 694
1667299460728 1.1121013421900467 695
1667299467673 1.1112141361342396 696
1667299474677 1.109660331597347 697
1667299481679 1.1094372725705257 698
1667299488628 1.1070408495475672 699
1667299495573 1.1067302447652885 700
1667299502570 1.1056859376047135 701
1667299509823 1.1028651415836066 702
1667299516946 1.1021700096035192 703
1667299523870 1.100952102285861 704
1667299530940 1.1007801205927894 705
1667299537860 1.0987028003693302 706
1667299545058 1.097890437035668 707
1667299552155 1.0965180558192156 708
1667299559313 1.0950267227842463 709
1667299566219 1.0943969613399132 710
1667299573305 1.0926231323679971 711
1667299580326 1.0922571400085792 712
1667299587429 1.0907880885150427 713
1667299594609 1.0888915806228376 714
1667299601585 1.088835226743518 715
1667299608433 1.0873050901784234 716
1667299615402 1.0854130852884347 717
1667299622415 1.0849099334030012 718
1667299629408 1.0839848485557813 719
1667299636577 1.0839007784533161 720
1667299643574 1.0819804488181055 721
1667299650484 1.0811551023577852 722
1667299657427 1.0798414762280268 723
1667299664467 1.0770740649652677 724
1667299671540 1.0766075016555867 725
1667299678769 1.077022110375545 726
1667299685785 1.0743604037286407 727
1667299692705 1.073505485307548 728
1667299699737 1.074048185589273 729
1667299706858 1.0718713928855812 730
1667299713774 1.0713203846359278 731
1667299720719 1.0682569110566484 732
1667299727611 1.0681960055838686 733
1667299734483 1.0679365399211727 734
1667299741560 1.0662226775766013 735
1667299748536 1.0653691777030703 736
1667299755277 1.0643001020474072 737
1667299761418 1.063773158937053 738
1667299768397 1.0632579633799781 739
1667299775328 1.0604062068652218 740
1667299782321 1.0609317589487246 741
1667299789413 1.0594155128314773 742
1667299796583 1.059466640757279 743
1667299803607 1.0581524871081205 744
1667299810636 1.0570891338699897 745
1667299817747 1.055831273873132 746
1667299824868 1.0547475804418713 747
1667299832011 1.0520866586293278 748
1667299839084 1.0520461033377284 749
1667299846104 1.0515021190321032 750
1667299853170 1.0504706406378659 751
1667299860243 1.048780167476622 752
1667299867218 1.0488946041179268 753
1667299874227 1.046875337218088 754
1667299881349 1.0466230301235055 755
1667299888259 1.044526118449969 756
1667299895237 1.0438030141208752 757
1667299902375 1.043192967687411 758
1667299909389 1.0413745876304437 759
1667299916474 1.0411345225376343 760
1667299923594 1.0396619593177072 761
1667299930626 1.0399423326854338 762
1667299937591 1.0376747173972294 763
1667299944653 1.0381058872009596 764
1667299951862 1.0377669679640618 765
1667299958958 1.0354953766487038 766
1667299965978 1.0341101438101319 767
1667299972956 1.0338421495296164 768
1667299979941 1.0334029328826415 769
1667299987021 1.0317253165540623 770
1667299994103 1.0315432344898479 771
1667300001195 1.0297469495895453 772
1667300008010 1.0291730660029206 773
1667300014903 1.02775167827213 774
1667300021833 1.0281273738294328 775
1667300028868 1.0267891781922727 776
1667300035942 1.0247110553728007 777
1667300042802 1.024109404002557 778
1667300049770 1.0244637169212534 779
1667300056897 1.0233725545918928 780
1667300064022 1.0221608760625964 781
1667300070906 1.0208398996734644 782
1667300077837 1.020667460529584 783
1667300084923 1.019496229460596 784
1667300092078 1.0196658815685813 785
1667300099088 1.0169177422975446 786
1667300106094 1.0148757135336912 787
1667300113087 1.0155496760616898 788
1667300120059 1.0150242220152395 789
1667300127026 1.0135672021117368 790
1667300133952 1.0128996237475363 791
1667300141061 1.011721958029519 792
1667300148064 1.0119037898673144 793
1667300155061 1.009032005114752 794
1667300162091 1.0105932947864837 795
1667300169222 1.0083425178980598 796
1667300176149 1.007225038395468 797
1667300183132 1.007140432270167 798
1667300190031 1.0064803076470474 799
1667300196994 1.005391597774668 800
1667300204007 1.0044367739976803 801
1667300211042 1.003481051178424 802
1667300218180 1.0024498827706838 803
1667300225215 1.0033234214412745 804
1667300232382 1.0017810827959073 805
1667300239417 1.0004848670431894 806
1667300246572 0.9981669018001572 807
1667300253605 0.9971524961766081 808
1667300260668 0.9976366536146808 809
1667300267807 0.9981778359435919 810
1667300274776 0.9957257810830404 811
1667300281907 0.9950436775657031 812
1667300288892 0.9954577620092595 813
1667300295984 0.9939791139389215 814
1667300303061 0.99469944374229 815
1667300310123 0.9921793085049613 816
1667300316968 0.991129654011904 817
1667300323889 0.989963331418419 818
1667300330968 0.9900137441473307 819
1667300338117 0.9885575127286407 820
1667300345131 0.9879089994049006 821
1667300352010 0.9882282028959778 822
1667300359008 0.9853314796327051 823
1667300366086 0.985914484904772 824
1667300372991 0.9854587932017499 825
1667300379873 0.9842716525372752 826
1667300387018 0.9827412433530829 827
1667300393968 0.983641839089834 828
1667300400992 0.982287937298719 829
1667300408041 0.9804659151289213 830
1667300414933 0.9802081667297459 831
1667300421980 0.9788032686683237 832
1667300428974 0.9793894184755857 833
1667300436103 0.9796715734147845 834
1667300443245 0.9775700915277332 835
1667300450193 0.9754987122333649 836
1667300457224 0.9756657643375437 837
1667300464323 0.9748830552107992 838
1667300471330 0.9731652063674519 839
1667300478278 0.974352155300369 840
1667300485339 0.9709844882318566 841
1667300492373 0.9723418617204016 842
1667300499359 0.9701148622124303 843
1667300506404 0.9706204701419715 844
1667300513547 0.9695246579230425 845
1667300520558 0.9693992779741145 846
1667300527537 0.969879658766101 847
1667300534594 0.9676789684121364 848
1667300541541 0.9665019973795247 849
1667300548228 0.9659012817076643 850
1667300555312 0.964719743623301 851
1667300562416 0.9652004850091883 852
1667300568551 0.9640716617494556 853
1667300575465 0.9640838388164251 854
1667300582453 0.9620575940192954 855
1667300589396 0.9616372427899278 856
1667300596373 0.9615143027692613 857
1667300603518 0.960099574573118 858
1667300610607 0.9600296020456641 859
1667300617636 0.9599486228979224 860
1667300624750 0.9587003773680868 861
1667300631783 0.9572540706344675 862
1667300638890 0.9567394641267678 863
1667300645825 0.9562891238122145 864
1667300652930 0.9559213431471457 865
1667300660132 0.9558725301189103 866
1667300667245 0.954406100315052 867
1667300674355 0.9535182373781156 868
1667300681258 0.9528756753265203 869
1667300688304 0.9528186161008377 870
1667300695289 0.9509533235424577 871
1667300702401 0.9513522103891944 872
1667300709622 0.9503205256935742 873
1667300716614 0.9493213282203414 874
1667300723663 0.9486716769777679 875
1667300730665 0.9470625244903603 876
1667300737641 0.948701723366157 877
1667300744798 0.9465930787206801 878
1667300751840 0.9452231196241433 879
1667300759007 0.945061423011114 880
1667300765977 0.9443732471151564 881
1667300773081 0.9429880377240377 882
1667300780113 0.9435188409700929 883
1667300787209 0.9414463463222741 884
1667300793761 0.9414543210308753 885
1667300800686 0.941066597489855 886
1667300807782 0.9415117700591908 887
1667300814652 0.9400583462294569 888
1667300821757 0.9393132649180428 889
1667300828801 0.9390743582216501 890
1667300835741 0.9369150778831361 891
1667300842692 0.9376250633817668 892
1667300849852 0.9355241225272478 893
1667300857001 0.9361940091437466 894
1667300864161 0.9355701776963382 895
1667300871225 0.9349278336810459 896
1667300878171 0.9342525060586683 897
1667300885222 0.9341623754800901 898
1667300892192 0.9338814014278526 899
1667300899358 0.932883122851458 900
1667300906447 0.9314162100519432 901
1667300913573 0.9305936989929671 902
1667300920443 0.9304796525387217 903
1667300927575 0.9295637429145595 904
1667300934602 0.9287553801691252 905
1667300941568 0.9294046007843872 906
1667300948506 0.927037155794256 907
1667300955641 0.9268918765368513 908
1667300962675 0.9261821059293912 909
1667300969679 0.9263008403295017 910
1667300976840 0.9265522751535012 911
1667300983821 0.923748071967486 912
1667300990840 0.9237626696237015 913
1667300997997 0.9248897881582278 914
1667301004840 0.9220791743060185 915
1667301011756 0.9230463561988282 916
1667301018671 0.9203033709328028 917
1667301025786 0.9208199122682684 918
1667301032828 0.9203865824569181 919
1667301039874 0.9197502078099565 920
1667301046939 0.9190369855585652 921
1667301053874 0.9186969497151529 922
1667301060885 0.9174478387192742 923
1667301067897 0.9180698822665663 924
1667301074853 0.9162989100735573 925
1667301081943 0.9159998422441237 926
1667301088819 0.9148061379744251 927
1667301096034 0.9145422389764073 928
1667301103143 0.9144177052037596 929
1667301110256 0.914168806874531 930
1667301117232 0.9134715314209972 931
1667301124154 0.9128471401674867 932
1667301130982 0.9133975908497942 933
1667301138064 0.9112843506890196 934
1667301144958 0.9114540972629214 935
1667301152099 0.9100001849525782 936
1667301159158 0.9102912744702925 937
1667301166286 0.9087620570067224 938
1667301173290 0.9071441006381065 939
1667301180265 0.907469876720135 940
1667301187401 0.9061023867535558 941
1667301194269 0.9062037852127105 942
1667301201278 0.9051765964141341 943
1667301208329 0.9048638897576973 944
1667301215360 0.9053633264937582 945
1667301222235 0.9051585655389507 946
1667301229213 0.9041508468760915 947
1667301236276 0.9031791023124562 948
1667301243434 0.9014443734015983 949
1667301250476 0.9025652098941493 950
1667301257487 0.9020044208097445 951
1667301264677 0.9015429369915932 952
1667301271744 0.8994820984048452 953
1667301278876 0.8994192842133139 954
1667301285950 0.899376091643257 955
1667301292993 0.8991500100659483 956
1667301300031 0.8985928392919179 957
1667301307036 0.8977627993854285 958
1667301314003 0.8987681764327655 959
1667301320992 0.896648728022618 960
1667301327975 0.8967176867529986 961
1667301334974 0.8956326282932423 962
1667301342076 0.8943540468174903 963
1667301349125 0.8944573068343983 964
1667301356186 0.8948231336006967 965
1667301363279 0.8937438918612796 966
1667301370369 0.891292323340447 967
1667301377460 0.8924011100892101 968
1667301384373 0.8909588136836876 969
1667301391381 0.892026278929744 970
1667301398420 0.8901359677253352 971
1667301405449 0.8897226432550719 972
1667301412447 0.8899526449142966 973
1667301419505 0.8887779717883709 974
1667301426524 0.8886336749291641 975
1667301433377 0.889077330836489 976
1667301440563 0.8872593032556924 977
1667301447543 0.887187775484143 978
1667301454611 0.8859486976704959 979
1667301461737 0.8860575700534384 980
1667301468802 0.8849739322597467 981
1667301475859 0.8840550325688098 982
1667301483006 0.884237656246354 983
1667301489909 0.8838729567481666 984
1667301497045 0.883032055291511 985
1667301504099 0.8828967536017964 986
1667301511160 0.8827453341148283 987
1667301518190 0.8815967218111177 988
1667301525175 0.8823841217774796 989
1667301532324 0.880198481084605 990
1667301539228 0.8814447175092217 991
1667301546251 0.8805616006816758 992
1667301553194 0.8793776152913899 993
1667301560133 0.8788723408936646 994
1667301567127 0.8774653421906795 995
1667301574360 0.8774650234564023 996
1667301581535 0.8765204014367894 997
1667301588568 0.8761503797281626 998
1667301595672 0.8760978131936249 999
1667301602716 0.8762224959363076 1000
