1667291638644 38.46435262758162 1
1667291645696 24.663741924646462 2
1667291652885 18.238270393644388 3
1667291659966 15.902958364000769 4
1667291667058 14.52366731177688 5
1667291674257 13.49737095760161 6
1667291681513 12.84837017144885 7
1667291688691 12.493746487157685 8
1667291695761 12.267385427359041 9
1667291702764 12.10026092433299 10
1667291709850 11.963415176669074 11
1667291717169 11.846565629243033 12
1667291724097 11.74465438592565 13
1667291731202 11.653803797244288 14
1667291738275 11.572605996996492 15
1667291744939 11.498246361102376 16
1667291751444 11.42734517280913 17
1667291758508 11.35846425546845 18
1667291765750 11.288132380489465 19
1667291772798 11.215908557033309 20
1667291779976 11.140046366265269 21
1667291787090 11.060572064399802 22
1667291794148 10.974473331921867 23
1667291801211 10.881910291377578 24
1667291808355 10.780921146120098 25
1667291815418 10.670295622752427 26
1667291822601 10.549945544717568 27
1667291829559 10.418257887557067 28
1667291836561 10.27332594629459 29
1667291843644 10.116661270466317 30
1667291850705 9.949039354347265 31
1667291857637 9.771816453108421 32
1667291864669 9.589371640654793 33
1667291871827 9.405932461228836 34
1667291878938 9.222923099472709 35
1667291885927 9.046824067759399 36
1667291893041 8.876560734318835 37
1667291900279 8.716100204101467 38
1667291907286 8.562615093068926 39
1667291914554 8.414930474381526 40
1667291921675 8.271947811787518 41
1667291928836 8.132067739830486 42
1667291935992 7.992639011800658 43
1667291943068 7.846502206124529 44
1667291950115 7.697058237075887 45
1667291957187 7.541329785147784 46
1667291964209 7.377410522846321 47
1667291971251 7.203571049711452 48
1667291978424 7.017760153726807 49
1667291985331 6.824884671738351 50
1667291992452 6.622546033964461 51
1667291999545 6.414075486331278 52
1667292006541 6.205561964844282 53
1667292013491 6.003172612134981 54
1667292020459 5.815268210769927 55
1667292027542 5.652346644852474 56
1667292034549 5.514722740298117 57
1667292041527 5.4042537012905045 58
1667292048473 5.31625266204803 59
1667292055477 5.246506073000421 60
1667292062490 5.188896586307437 61
1667292069657 5.137908630374983 62
1667292076822 5.096750450192613 63
1667292083977 5.057078168476717 64
1667292091005 5.022443028253882 65
1667292098215 4.988648544618307 66
1667292105251 4.957560245264935 67
1667292112318 4.929499313260869 68
1667292119393 4.899749013861375 69
1667292126269 4.872565098004518 70
1667292133410 4.847528851125389 71
1667292140471 4.82035694577332 72
1667292147545 4.795619382144331 73
1667292154700 4.771128263007236 74
1667292161838 4.747934143621843 75
1667292169048 4.723782731522038 76
1667292176242 4.699566224160103 77
1667292183387 4.678401790861204 78
1667292190434 4.656185866620105 79
1667292197576 4.63364921246686 80
1667292204617 4.609843815804797 81
1667292211696 4.587569665575686 82
1667292218788 4.565613731509075 83
1667292225825 4.542292283617656 84
1667292232922 4.521541856746138 85
1667292239949 4.500581362709444 86
1667292247141 4.477026670976737 87
1667292254354 4.454423994148294 88
1667292261257 4.431925249342284 89
1667292268319 4.410920192359609 90
1667292275372 4.388835009059531 91
1667292282531 4.368573515942054 92
1667292289761 4.347682326998828 93
1667292296864 4.327347641501187 94
1667292304043 4.306017206398423 95
1667292311190 4.285706697517986 96
1667292317686 4.265077403920529 97
1667292324745 4.245358470927125 98
1667292331919 4.225665663857688 99
1667292338895 4.207009535241913 100
1667292345963 4.1885047982917625 101
1667292353220 4.169957810055956 102
1667292360321 4.152448247688321 103
1667292367347 4.134326856616618 104
1667292374258 4.119462682635288 105
1667292381395 4.102055438093145 106
1667292388402 4.085597548810356 107
1667292395434 4.0703060070083446 108
1667292402435 4.054065546379066 109
1667292409321 4.039045596674371 110
1667292416454 4.02386751886621 111
1667292423668 4.010296842986513 112
1667292430695 3.9944989142995735 113
1667292437651 3.9796090778603044 114
1667292444762 3.9671252879191314 115
1667292451811 3.9540687813781776 116
1667292458854 3.940891190877205 117
1667292465917 3.926585601939523 118
1667292472661 3.9136803435816705 119
1667292479752 3.90174181551345 120
1667292486775 3.88876715904245 121
1667292493799 3.874968385257359 122
1667292500868 3.8645868802719474 123
1667292507860 3.8532568402844225 124
1667292515031 3.840595453527275 125
1667292522156 3.8278487629159916 126
1667292529275 3.817745839731747 127
1667292536109 3.8067754181357776 128
1667292543065 3.7935501275415238 129
1667292550122 3.7841907952666527 130
1667292557227 3.7721464143922696 131
1667292564373 3.762344749247819 132
1667292571520 3.751431393741558 133
1667292578551 3.7401795021596027 134
1667292585520 3.729864432282009 135
1667292592610 3.7198037152168353 136
1667292599674 3.7088221223784386 137
1667292606799 3.699727475254254 138
1667292613763 3.6875877319553685 139
1667292620845 3.6775022517674816 140
1667292627987 3.668734590717397 141
1667292634971 3.657843477235964 142
1667292642141 3.648097457574005 143
1667292649169 3.6368179978690223 144
1667292656239 3.6284621274687225 145
1667292663510 3.617437888284797 146
1667292670509 3.607824921577268 147
1667292677421 3.598155734277648 148
1667292684585 3.589066328168693 149
1667292691588 3.5782010494194063 150
1667292698718 3.569035650013465 151
1667292705843 3.55860564336283 152
1667292713065 3.549174015891257 153
1667292720195 3.537260421715513 154
1667292727260 3.5291346658819487 155
1667292734288 3.518705626831973 156
1667292741552 3.509278250847953 157
1667292748582 3.4995878579089887 158
1667292755525 3.488098600390623 159
1667292762666 3.4792262865614227 160
1667292769592 3.4713347011839377 161
1667292776689 3.459570750235938 162
1667292783911 3.4503451215927132 163
1667292791016 3.4378987311073423 164
1667292798063 3.4286445551091336 165
1667292805257 3.4197900502246568 166
1667292812453 3.4087053620138787 167
1667292819446 3.400241498602554 168
1667292826283 3.3892588347994854 169
1667292833258 3.3790886094179617 170
1667292840336 3.3693901439386695 171
1667292847400 3.3591556047027993 172
1667292854484 3.3494236896090865 173
1667292861551 3.338938381479398 174
1667292868685 3.3290158686084816 175
1667292875716 3.318171275603063 176
1667292882758 3.3095871045607255 177
1667292889970 3.298772368889691 178
1667292896950 3.289242079356112 179
1667292903411 3.279352271906356 180
1667292910033 3.26918459755041 181
1667292917172 3.2588369656267195 182
1667292923747 3.2475302078106165 183
1667292930531 3.238072695346181 184
1667292937743 3.226493041066883 185
1667292944762 3.2159561815615336 186
1667292951884 3.206391144454336 187
1667292958993 3.1953717122765277 188
1667292965987 3.185801646127212 189
1667292972947 3.175623034981622 190
1667292979866 3.1655976411446436 191
1667292987058 3.155057036154136 192
1667292994045 3.1444062270111517 193
1667293001069 3.1342298432949236 194
1667293008249 3.1230370121404203 195
1667293015224 3.1138463784853547 196
1667293022372 3.102660845322944 197
1667293029479 3.0916763585275757 198
1667293036539 3.080765370719626 199
1667293043610 3.0717424215175786 200
1667293050608 3.0599780811053177 201
1667293057737 3.0485460473541783 202
1667293064910 3.037243461939967 203
1667293071842 3.0264956718975946 204
1667293078895 3.0146260866741805 205
1667293085991 3.005071828970788 206
1667293093001 2.9937585494481027 207
1667293100035 2.9822899147990967 208
1667293107148 2.970531543847276 209
1667293114068 2.9609590571470927 210
1667293120970 2.9486773776269137 211
1667293128114 2.9365665565352312 212
1667293135274 2.925385871618106 213
1667293142205 2.914240406329774 214
1667293149455 2.9029450840419058 215
1667293156487 2.8921531605211874 216
1667293163651 2.879706650550201 217
1667293170741 2.867558085633401 218
1667293177949 2.8549920667658797 219
1667293185061 2.8446222315798257 220
1667293192017 2.831495657552975 221
1667293199104 2.819683356026372 222
1667293206235 2.8079433465673294 223
1667293213373 2.7957830323356685 224
1667293220584 2.7842647415665134 225
1667293227701 2.7724695737309917 226
1667293234852 2.7596017993797273 227
1667293241911 2.7478550266996433 228
1667293248799 2.7348877560132396 229
1667293255989 2.7214644547055507 230
1667293262913 2.7108890177390363 231
1667293269947 2.6979756632891414 232
1667293276980 2.6851230585579198 233
1667293284044 2.6729647018793194 234
1667293291145 2.660725716309581 235
1667293298245 2.6484840936743868 236
1667293305477 2.6349404236189202 237
1667293312496 2.6225298927728455 238
1667293319610 2.6100875624470863 239
1667293326728 2.5973823705207106 240
1667293333732 2.5840099990357657 241
1667293340881 2.573260395976991 242
1667293347904 2.560098417574069 243
1667293354997 2.5481330143328713 244
1667293362142 2.5365967931824605 245
1667293369335 2.5247313618854426 246
1667293376412 2.509757494369706 247
1667293383504 2.4980340516424975 248
1667293390693 2.486390832230797 249
1667293397748 2.473175240202121 250
1667293404832 2.461125245929317 251
1667293411787 2.4504206190231144 252
1667293418804 2.439940049208107 253
1667293425960 2.4279007176602527 254
1667293433044 2.417715058019794 255
1667293440016 2.404877224156715 256
1667293447147 2.395051843706764 257
1667293454148 2.3824307857117115 258
1667293461203 2.3720010060581616 259
1667293468221 2.362279411482082 260
1667293475134 2.3506106331478804 261
1667293482241 2.341107786680408 262
1667293489403 2.329164576570882 263
1667293496135 2.3194458677592062 264
1667293503203 2.310514208302925 265
1667293510178 2.2999816992279185 266
1667293517381 2.2908435988413927 267
1667293524516 2.281385945432543 268
1667293531481 2.2736178755806247 269
1667293538543 2.2643506131748987 270
1667293545565 2.25440007267177 271
1667293552461 2.2465671854001563 272
1667293559520 2.237168182677763 273
1667293566522 2.228304885908613 274
1667293573461 2.2198772023682696 275
1667293580576 2.213505014979311 276
1667293587685 2.2039914965772858 277
1667293594871 2.195851368696562 278
1667293601969 2.1893002039300034 279
1667293609088 2.1821799639402633 280
1667293616119 2.175034005998296 281
1667293623209 2.1673296893752374 282
1667293630357 2.161241084406316 283
1667293637458 2.1541555576003413 284
1667293644518 2.14695319250881 285
1667293651318 2.1391887982851814 286
1667293658509 2.1346250777670113 287
1667293665622 2.1267146191247583 288
1667293672714 2.1207616616892473 289
1667293679884 2.1149283443234737 290
1667293686777 2.107178414079289 291
1667293693774 2.1023050295547225 292
1667293700784 2.0958612299995028 293
1667293707978 2.0912268828155454 294
1667293714967 2.0838884942036553 295
1667293722140 2.07876849193433 296
1667293729231 2.0730703008785887 297
1667293736198 2.065865568614534 298
1667293743349 2.0618827415612313 299
1667293750306 2.056421891399813 300
1667293757389 2.0510499696324036 301
1667293764554 2.047123346708019 302
1667293771721 2.040336935912709 303
1667293778838 2.0346727633431736 304
1667293785882 2.0311062286318804 305
1667293792978 2.0253461847237855 306
1667293799787 2.02206401100285 307
1667293806961 2.0163201818084038 308
1667293814001 2.010667620024613 309
1667293821068 2.0068741068653355 310
1667293828205 2.0007704729111966 311
1667293835249 1.9952345136271605 312
1667293842337 1.9908958604459517 313
1667293849261 1.9869281837376407 314
1667293856347 1.9840282355575913 315
1667293863401 1.979229328559026 316
1667293870577 1.9746148649674768 317
1667293877614 1.9702378759994734 318
1667293884791 1.9648828782898549 319
1667293891904 1.960174627370549 320
1667293899051 1.9560758458772818 321
1667293906231 1.952251956319682 322
1667293913303 1.9473782235034998 323
1667293920508 1.943164147198671 324
1667293927528 1.9392997773855434 325
1667293934615 1.9358101589963412 326
1667293941657 1.932202523945227 327
1667293948793 1.9272901648143819 328
1667293955862 1.921878569902709 329
1667293962950 1.9177620194271554 330
1667293970008 1.914840037106782 331
1667293977183 1.9094350991468714 332
1667293984335 1.9058508717142824 333
1667293991336 1.9025241329953853 334
1667293998424 1.8999402067281184 335
1667294005495 1.8972083715885715 336
1667294012497 1.8933102399901396 337
1667294019473 1.8868396952108655 338
1667294026543 1.8823865969488807 339
1667294033625 1.8792472533794673 340
1667294040725 1.8769641021154002 341
1667294047853 1.8720183603178997 342
1667294054830 1.8691744744076628 343
1667294061930 1.864720189003632 344
1667294068983 1.8609257129297316 345
1667294076002 1.8573642376078559 346
1667294083068 1.8537981441835514 347
1667294090000 1.8494411068968475 348
1667294096930 1.8469089882084997 349
1667294104041 1.84353880166552 350
1667294111149 1.8402001843762144 351
1667294118222 1.835982099497834 352
1667294125221 1.8323943318817049 353
1667294132229 1.8295450222929224 354
1667294139246 1.8251739586319693 355
1667294146385 1.8223416287001672 356
1667294153381 1.8180804423281698 357
1667294160502 1.8151021800336562 358
1667294167576 1.8110883091358918 359
1667294174446 1.8083306608880245 360
1667294181493 1.8042782677726432 361
1667294188590 1.8013069420403054 362
1667294195557 1.7980805570272482 363
1667294202723 1.7938057491351123 364
1667294209751 1.7911972935838563 365
1667294216955 1.7876457664232885 366
1667294224078 1.7848220055354862 367
1667294231267 1.7803685306635388 368
1667294238442 1.7762588082331714 369
1667294245496 1.7739807446065083 370
1667294252501 1.7708957489275445 371
1667294259513 1.7677265558222943 372
1667294266568 1.7650236571297193 373
1667294273802 1.760207317294911 374
1667294281023 1.7577096540122652 375
1667294288234 1.754480658079866 376
1667294295227 1.7524387842085172 377
1667294302409 1.7490842390426813 378
1667294309559 1.744941542779638 379
1667294316675 1.741405255104937 380
1667294323141 1.7377918366199503 381
1667294330123 1.7360867324431049 382
1667294337144 1.7311172372083292 383
1667294344268 1.7299448259643044 384
1667294351481 1.7252817112903858 385
1667294358736 1.721988838496055 386
1667294365725 1.7190778890860032 387
1667294372697 1.7169708127826249 388
1667294379802 1.7121957808523183 389
1667294385960 1.7103069799921506 390
1667294392906 1.7067575286920336 391
1667294399922 1.7039689946571712 392
1667294406952 1.7009961197029921 393
1667294414038 1.6972970900657987 394
1667294421206 1.6953657961343056 395
1667294428214 1.6902363581421713 396
1667294435403 1.689324718268056 397
1667294442368 1.6855274251749186 398
1667294449595 1.6828666809194077 399
1667294456707 1.6796790478792 400
