1667315187013 38.32713366072407 1
1667315194099 24.88498636857787 2
1667315200975 18.29085266719518 3
1667315207984 15.746678464286525 4
1667315215144 14.239187667295438 5
1667315222253 13.225285599804312 6
1667315229427 12.646241625257877 7
1667315236566 12.328819922546842 8
1667315243832 12.127197764298323 9
1667315250991 11.976279211173711 10
1667315258086 11.851893869475076 11
1667315265217 11.74439055964937 12
1667315272333 11.649853640527867 13
1667315279448 11.564976780676615 14
1667315286641 11.488068199384164 15
1667315293637 11.415414107379629 16
1667315300924 11.344824619015004 17
1667315308036 11.2734594676679 18
1667315315056 11.200333308979484 19
1667315322238 11.122970550645805 20
1667315329273 11.040732962143792 21
1667315336503 10.952866422919762 22
1667315343574 10.856515826654887 23
1667315350609 10.752069863082596 24
1667315357761 10.638442433834722 25
1667315364762 10.513161060929784 26
1667315371885 10.374696205073166 27
1667315379057 10.22325740061104 28
1667315386226 10.058533685987 29
1667315393361 9.88218262771415 30
1667315400477 9.696166015302149 31
1667315407539 9.506902576139856 32
1667315414764 9.31806071820382 33
1667315422130 9.136197294761885 34
1667315429154 8.961575554054498 35
1667315436266 8.80018072632954 36
1667315443410 8.647900373511916 37
1667315450506 8.507366930451775 38
1667315457630 8.3728909798199 39
1667315464813 8.24601418653369 40
1667315471793 8.125286614878693 41
1667315478865 8.008084646558826 42
1667315485938 7.892274897489974 43
1667315493150 7.772313582444288 44
1667315500332 7.6474484020851685 45
1667315507446 7.512449470352447 46
1667315514554 7.368899651670391 47
1667315521845 7.213254078515026 48
1667315528952 7.045350458114085 49
1667315536153 6.863362720410568 50
1667315543300 6.67285848537326 51
1667315550602 6.470274515601641 52
1667315557878 6.2623662251468595 53
1667315565058 6.056777287936761 54
1667315572154 5.8613627294187145 55
1667315579366 5.685702411743485 56
1667315586414 5.537708050845597 57
1667315593607 5.424560770574386 58
1667315600792 5.335587707837207 59
1667315607988 5.268722202027345 60
1667315615117 5.210928578066211 61
1667315622246 5.161264914023504 62
1667315629245 5.118054654009469 63
1667315636338 5.079541885221992 64
1667315643521 5.043936075316679 65
1667315650613 5.00992666842009 66
1667315657835 4.9786748587680805 67
1667315664933 4.949835515895725 68
1667315672073 4.919809348547637 69
1667315679145 4.892119061752769 70
1667315686159 4.8660144503436875 71
1667315693424 4.8391407864873415 72
1667315700606 4.8147579696802785 73
1667315707724 4.790146899676226 74
1667315714753 4.76699892470924 75
1667315721931 4.741454692595364 76
1667315729147 4.717116306562437 77
1667315736286 4.69445841671492 78
1667315743613 4.671752201330063 79
1667315750816 4.648559021901243 80
1667315757896 4.6256678258062545 81
1667315765172 4.60232500321506 82
1667315772239 4.581862739096503 83
1667315779390 4.558001191920147 84
1667315786645 4.536180660310562 85
1667315793765 4.514193270067347 86
1667315801005 4.491354822344178 87
1667315808045 4.470064902200466 88
1667315815125 4.448748748208645 89
1667315822368 4.426787005269867 90
1667315829520 4.405215457182888 91
1667315836588 4.384464179563716 92
1667315843695 4.364466509469652 93
1667315850853 4.342529743869399 94
1667315858015 4.322757329190279 95
1667315865165 4.303886807838321 96
1667315872339 4.2851789487750755 97
1667315879506 4.265147045638862 98
1667315886681 4.245645320399322 99
1667315893820 4.228313804481537 100
1667315901008 4.208799894621123 101
1667315908181 4.189747587149632 102
1667315915310 4.172345103046464 103
1667315922489 4.155039855146343 104
1667315929438 4.13697011645484 105
1667315936469 4.11978279707228 106
1667315943716 4.103452760539191 107
1667315950730 4.086415234867236 108
1667315957778 4.069040824713507 109
1667315964938 4.052462347812213 110
1667315972011 4.037216360201829 111
1667315979104 4.021186252300257 112
1667315986151 4.005928514446947 113
1667315993384 3.989784303400539 114
1667316000576 3.9763025678239328 115
1667316007738 3.961704659615637 116
1667316014743 3.9477353912842648 117
1667316021986 3.932189387819013 118
1667316029037 3.918016803596204 119
1667316036066 3.904410985302246 120
1667316043085 3.8917956559273086 121
1667316050237 3.877923589225055 122
1667316057335 3.8663882511684333 123
1667316064368 3.8525576998291378 124
1667316071640 3.8404274012696304 125
1667316078749 3.8280003596516767 126
1667316085790 3.8173515528157416 127
1667316092837 3.8026310633286693 128
1667316099848 3.7932369637440795 129
1667316107030 3.7812904574816066 130
1667316114233 3.7698886307964816 131
1667316121483 3.7597401859074466 132
1667316128517 3.7483786677327537 133
1667316135615 3.7374463911134157 134
1667316142740 3.7264743915568213 135
1667316149860 3.717637880767217 136
1667316157028 3.7067544916025494 137
1667316164153 3.6965932360416836 138
1667316171243 3.6854150841970457 139
1667316178402 3.6758246960439385 140
1667316185580 3.6659571973245537 141
1667316192568 3.6555617209043723 142
1667316199737 3.6454165900578492 143
1667316206976 3.635690365911662 144
1667316214130 3.6265057679594292 145
1667316221284 3.615830137658475 146
1667316228347 3.6061851350714424 147
1667316235235 3.597211288548551 148
1667316241840 3.5885205593571734 149
1667316248987 3.5770369375091717 150
1667316255999 3.569956735079777 151
1667316263054 3.55876099743869 152
1667316270124 3.547448307963207 153
1667316277177 3.540038942279777 154
1667316284434 3.5291492386621246 155
1667316291517 3.520135857114313 156
1667316298717 3.510202532505245 157
1667316305863 3.5012544341375254 158
1667316313004 3.4912806497014848 159
1667316320115 3.480001954040825 160
1667316327123 3.4724267490683287 161
1667316334158 3.4615030803868048 162
1667316340614 3.4521366831324642 163
1667316347618 3.4420857311831723 164
1667316354809 3.4302374472288135 165
1667316361939 3.422284550145976 166
1667316369119 3.409701103149955 167
1667316376242 3.399760331276152 168
1667316383507 3.389694846468994 169
1667316390592 3.3822083969371777 170
1667316397320 3.3692802591110342 171
1667316404613 3.357971578755566 172
1667316411738 3.347412215927401 173
1667316418482 3.3377124329920216 174
1667316425627 3.32745070979909 175
1667316432632 3.316106345752201 176
1667316439745 3.3060180384316955 177
1667316446918 3.292581607156725 178
1667316454044 3.284771217743448 179
1667316461243 3.2719561771832133 180
1667316468421 3.2611116038248693 181
1667316475545 3.2488648171664254 182
1667316482663 3.2373268717503128 183
1667316489752 3.2249018894445296 184
1667316496924 3.2150353657503787 185
1667316504049 3.205168910274027 186
1667316511017 3.192417090872411 187
1667316518189 3.1810497388830017 188
1667316525315 3.167803345574129 189
1667316532511 3.1559248628901013 190
1667316539636 3.1446767622046425 191
1667316546775 3.133120789335411 192
1667316553842 3.119556768495322 193
1667316561026 3.1077607270820495 194
1667316568285 3.0958534957110637 195
1667316575350 3.08442213953431 196
1667316582578 3.0707934384349245 197
1667316589798 3.0591574728165423 198
1667316596909 3.046270885736033 199
1667316604139 3.0337158452461663 200
1667316611163 3.0212155315251654 201
1667316618191 3.0082785452398872 202
1667316625313 2.9953155099860362 203
1667316632439 2.9810372642778478 204
1667316639568 2.969165740820252 205
1667316646792 2.9574935312510506 206
1667316653981 2.94379827537886 207
1667316661128 2.930332423914401 208
1667316668229 2.9173494729047875 209
1667316675270 2.9045569110596032 210
1667316682350 2.8912522285327498 211
1667316689497 2.87889844490521 212
1667316696668 2.865532651361649 213
1667316703717 2.8512825103352806 214
1667316710858 2.839222164498579 215
1667316717968 2.8257465990136406 216
1667316725137 2.8133685698826243 217
1667316732098 2.7991539096330853 218
1667316739173 2.7860194541706 219
1667316746372 2.7735711931373563 220
1667316753444 2.761416015097697 221
1667316760536 2.747050750530559 222
1667316767714 2.73444370887011 223
1667316774798 2.72057712130663 224
1667316781925 2.707026009886365 225
1667316789110 2.693836937118903 226
1667316796282 2.6813152187391407 227
1667316803245 2.668310993359888 228
1667316810294 2.6537614310693547 229
1667316817559 2.6412288904837062 230
1667316824692 2.6281475704188586 231
1667316831863 2.615734767032284 232
1667316838917 2.602607084501388 233
1667316846001 2.590892234278825 234
1667316853013 2.5783171663856894 235
1667316860273 2.564735921946439 236
1667316867296 2.5523873506116415 237
1667316874424 2.540498555596195 238
1667316881587 2.528469485295191 239
1667316888786 2.5172905331550814 240
1667316895894 2.5044036161867216 241
1667316902852 2.4938872008100454 242
1667316910083 2.482097154313868 243
1667316917226 2.4727148099864356 244
1667316924245 2.4600776547978014 245
1667316931181 2.4488804495641947 246
1667316938193 2.437067636236892 247
1667316945253 2.42797285160669 248
1667316952383 2.4178841006480853 249
1667316959566 2.4059848485759674 250
1667316966731 2.39756885591485 251
1667316973784 2.386308704577437 252
1667316980769 2.3771613524516533 253
1667316987983 2.3663989921761335 254
1667316995128 2.35811234567835 255
1667317002357 2.348760561509566 256
1667317009501 2.338738612598124 257
1667317016566 2.3305858549948786 258
1667317023724 2.3206179282315875 259
1667317030825 2.3131017682105908 260
1667317038039 2.3033189108365266 261
1667317045074 2.2948888738006556 262
1667317052168 2.2872287534793974 263
1667317059461 2.2794190930705542 264
1667317066493 2.269941031002772 265
1667317073423 2.262788510104209 266
1667317080598 2.2555810636063605 267
1667317087751 2.247954166687651 268
1667317094766 2.240051497840493 269
1667317101810 2.2315436800590525 270
1667317108909 2.22491618825105 271
1667317115939 2.2161722405228557 272
1667317123118 2.2101881043679676 273
1667317130179 2.2032154801742676 274
1667317137229 2.1956718029856197 275
1667317144221 2.189491192513276 276
1667317150601 2.1837662850662034 277
1667317157625 2.174882780057928 278
1667317164713 2.1686194044521416 279
1667317171778 2.1632500917042936 280
1667317178908 2.155295452944621 281
1667317186101 2.1495754436527856 282
1667317193229 2.1437015737655853 283
1667317200335 2.1372297398917874 284
1667317207466 2.1309227621943525 285
1667317214570 2.125656263273477 286
1667317221792 2.1171192823627427 287
1667317228852 2.113242798048897 288
1667317235856 2.1069828451812023 289
1667317243009 2.1004558550535095 290
1667317250067 2.0945318435069824 291
1667317257016 2.0895852483354074 292
1667317263990 2.083226655684462 293
1667317271129 2.0779908911263116 294
1667317278295 2.072633478866342 295
1667317285451 2.0677923996865832 296
1667317292730 2.0612677317946706 297
1667317299843 2.056218818800582 298
1667317307058 2.050334640039356 299
1667317314150 2.046095873538804 300
1667317321202 2.0401605284763966 301
1667317328445 2.034967557303456 302
1667317335404 2.0293494197091384 303
1667317342581 2.02644866031659 304
1667317349650 2.018128004698449 305
1667317356769 2.0137881827888204 306
1667317363741 2.0085293649414018 307
1667317370868 2.0034537126121883 308
1667317378092 1.9992601425062202 309
1667317385229 1.993052390569586 310
1667317392453 1.9887913927294345 311
1667317399661 1.9834318068004853 312
1667317406797 1.9778583903608684 313
1667317413916 1.973974334659861 314
1667317420960 1.967497156728236 315
1667317428126 1.9637708926783164 316
1667317435111 1.9588957055695506 317
1667317442162 1.956115505790775 318
1667317449143 1.9511332589137182 319
1667317455998 1.9453409405139601 320
1667317462968 1.940752992191664 321
1667317470058 1.9371774552473382 322
1667317477102 1.9328089280400218 323
1667317484288 1.9278730568924622 324
1667317491470 1.922459302068242 325
1667317498547 1.9196294075032263 326
1667317505702 1.9155700341615134 327
1667317512754 1.9102990234237835 328
1667317519942 1.9040639324055597 329
1667317527119 1.9024685970640247 330
1667317534244 1.8981967558288186 331
1667317541262 1.8923904950777257 332
1667317548232 1.8895563076438542 333
1667317554597 1.884173820227425 334
1667317561258 1.8807530392623497 335
1667317568222 1.8760620173638032 336
1667317575317 1.871709035828285 337
1667317582517 1.8678421299080674 338
1667317589738 1.8626508929714904 339
1667317596924 1.860570220643177 340
1667317604055 1.8549841681806172 341
1667317611030 1.8513657018805132 342
1667317618181 1.847780504838906 343
1667317625348 1.8443846656072738 344
1667317632413 1.8419463484872796 345
1667317639520 1.8377399044654747 346
1667317646594 1.832493682648466 347
1667317653561 1.827051615456228 348
1667317660678 1.8263474676348623 349
1667317667686 1.8206731099407902 350
1667317674753 1.817138782491354 351
1667317682002 1.8123315427972957 352
1667317689058 1.8086433300250582 353
1667317696147 1.80702515947285 354
1667317703126 1.8008309931897406 355
1667317710233 1.7997114419775384 356
1667317717381 1.794322485435284 357
1667317724572 1.7919837984090905 358
1667317731859 1.787676284865576 359
1667317738896 1.7826892571217978 360
1667317746073 1.779417616137009 361
1667317753062 1.7758451883593926 362
1667317760308 1.774708547860667 363
1667317767394 1.769749349440616 364
1667317774534 1.7656234582049553 365
1667317781682 1.7620085304959334 366
1667317788829 1.7584323515885558 367
1667317795821 1.7539182313625654 368
1667317802969 1.751038981866966 369
1667317809999 1.7487975886872535 370
1667317817233 1.7435866144651313 371
1667317824509 1.740506677181944 372
1667317831692 1.7381996081148754 373
1667317838808 1.7331607514636003 374
1667317845544 1.7304271883362832 375
1667317852624 1.7262888310156166 376
1667317859657 1.7229923864717884 377
1667317866830 1.7204051779600789 378
1667317873831 1.718591933455849 379
1667317880950 1.713569414280001 380
1667317887963 1.7096193982957986 381
1667317895101 1.707761438985531 382
1667317902088 1.70331829020013 383
1667317909290 1.69925504813686 384
1667317916424 1.697607153811804 385
1667317923439 1.6949460185366698 386
1667317930256 1.6913479078899731 387
1667317937308 1.6887451578108557 388
1667317944361 1.6858771522422011 389
1667317951433 1.6822500614654097 390
1667317958656 1.6792635778356926 391
1667317965763 1.676764107927215 392
1667317972862 1.6732262886929221 393
1667317979878 1.6701404363361758 394
1667317987124 1.6670502067987114 395
1667317994117 1.6640951407004243 396
1667318001357 1.6601189683258453 397
1667318008506 1.6566027449785126 398
1667318015688 1.6552740055638058 399
1667318022677 1.65189554741457 400
1667318029798 1.6502109462119832 401
1667318036733 1.6434752167767392 402
1667318043674 1.6436765450514155 403
1667318050739 1.6408213117997714 404
1667318057847 1.6384496268294397 405
1667318064964 1.6357730526168763 406
1667318072133 1.631797412256211 407
1667318079272 1.6303602367477792 408
1667318086454 1.6273516486910662 409
1667318093538 1.6239484778859399 410
1667318100681 1.620801173383054 411
1667318107693 1.6186673058907084 412
1667318114876 1.6151858798684389 413
1667318121914 1.6135906300114486 414
1667318129019 1.6094406060925008 415
1667318136094 1.6074411781300035 416
1667318143229 1.6055021931592937 417
1667318150395 1.6023604335058657 418
1667318157482 1.6006895088397342 419
1667318164706 1.5992958473504155 420
1667318171748 1.59597248037117 421
1667318179039 1.593674183983654 422
1667318186225 1.5912983591391565 423
1667318193250 1.589293577696931 424
1667318200281 1.5851796537314211 425
1667318207336 1.582500019604833 426
1667318214585 1.5801542781222626 427
1667318221659 1.5774766552480624 428
1667318228692 1.5754410710029072 429
1667318235623 1.5724299866478673 430
1667318242808 1.57164824536649 431
1667318249857 1.5665993021859244 432
1667318257022 1.5669365693667203 433
1667318264054 1.5639431055235895 434
1667318270891 1.5608444657262663 435
1667318277858 1.5595101714942963 436
1667318285017 1.5568447927243028 437
1667318292055 1.5543593592244216 438
1667318298994 1.5517285172619038 439
1667318306001 1.549369821676244 440
1667318312985 1.5489126247135236 441
1667318319703 1.5450078427508533 442
1667318326814 1.544245394166645 443
1667318334020 1.5413635465717057 444
1667318341119 1.5387952197317838 445
1667318348169 1.537113903537696 446
1667318355121 1.5354714401501004 447
1667318361693 1.5321854326666777 448
1667318367482 1.5310378380554501 449
1667318374403 1.5271075174839235 450
1667318381633 1.5256128842301737 451
1667318388725 1.523002980380563 452
1667318395804 1.5216287760066534 453
1667318402744 1.518315195026359 454
1667318409687 1.5173728583302233 455
1667318416912 1.516176905488062 456
1667318423901 1.5122966436388696 457
1667318430817 1.5115557161325355 458
1667318437954 1.510765691726308 459
1667318445004 1.5074454682652954 460
1667318451994 1.5045211734288098 461
1667318459153 1.5034247649734993 462
1667318466421 1.5013892782834362 463
1667318473684 1.497495532076265 464
1667318480713 1.4966154675753824 465
1667318487911 1.4949870497756605 466
1667318495152 1.493468408446299 467
1667318502349 1.4905563557730277 468
1667318509469 1.489258858876927 469
1667318516523 1.485976902224639 470
1667318523478 1.4853169916847182 471
1667318530574 1.4831201222041568 472
1667318537776 1.4799263321641665 473
1667318544789 1.479101275956938 474
1667318551815 1.4767789492128338 475
1667318559067 1.4738978267807812 476
1667318566301 1.472917541133662 477
1667318573442 1.4719841484298861 478
1667318580595 1.4694897025580969 479
1667318587735 1.4669384819075082 480
1667318594946 1.4662035796867134 481
1667318602047 1.4621441030680244 482
1667318609208 1.4614251458782355 483
1667318616303 1.4589646463478274 484
1667318623423 1.4560201113065516 485
1667318630623 1.4547948465458898 486
1667318637801 1.4541198644418083 487
1667318644929 1.4520926266059462 488
1667318651833 1.4489434492272633 489
1667318658821 1.4480812416350017 490
1667318666083 1.4464265215874041 491
1667318673213 1.4452835362470295 492
1667318680514 1.4425462192199932 493
1667318687610 1.441053268523682 494
1667318694699 1.4386090195688497 495
1667318701935 1.4366989973806137 496
1667318709019 1.4341522281334875 497
1667318716055 1.4331256131789416 498
1667318723329 1.4310113283801758 499
1667318729891 1.4287873230358963 500
1667318737121 1.4274042414114627 501
1667318744246 1.4249721123170982 502
1667318751432 1.4234201079146025 503
1667318758520 1.421426247284726 504
1667318765481 1.4192611927942473 505
1667318772522 1.417455221714611 506
1667318779786 1.414775730675564 507
1667318786907 1.4134380045060064 508
1667318794081 1.412489658052271 509
1667318801225 1.4093705531578697 510
1667318808345 1.408546319709057 511
1667318815480 1.406548414536053 512
1667318822618 1.4044493036281465 513
1667318829842 1.4031692435775391 514
1667318836979 1.4016338286559973 515
1667318844185 1.3994426072816513 516
1667318851324 1.3982249018173851 517
1667318858536 1.3950504711355252 518
1667318865710 1.3919111946585059 519
1667318872860 1.3909137974438868 520
1667318880093 1.3887639957981808 521
1667318887353 1.3864301186120656 522
1667318894379 1.3855793275131139 523
1667318901458 1.3838208370729572 524
1667318908569 1.3825015969968715 525
1667318915805 1.3815670027782991 526
1667318922853 1.377931876332983 527
1667318929892 1.375806111170123 528
1667318936985 1.374431567324712 529
1667318944064 1.3730629600048712 530
1667318951235 1.3707654011945065 531
1667318958286 1.3698067554099589 532
1667318965357 1.3666496694775416 533
1667318972476 1.3661851967044245 534
1667318979632 1.3643013467175666 535
1667318986803 1.3630985800818802 536
1667318993817 1.360146099264295 537
1667319001077 1.3592697814450658 538
1667319008041 1.3564763425304738 539
1667319015160 1.35550215621978 540
1667319022175 1.3534052828516372 541
1667319029174 1.3517172694853234 542
1667319036210 1.349716775938161 543
1667319043372 1.3472857897648818 544
1667319050505 1.3461642475594011 545
1667319057662 1.3424790651819276 546
1667319064791 1.3424245698561985 547
1667319071931 1.3397329302866068 548
1667319079070 1.338401778642811 549
1667319086132 1.3359724723783244 550
1667319093197 1.3346832699699673 551
1667319100411 1.3342441025833263 552
1667319107523 1.3316182136899581 553
1667319114653 1.3293894753567723 554
1667319121609 1.3277729875439706 555
1667319128653 1.326217578681062 556
1667319135943 1.3240284073385165 557
1667319143118 1.3221880060846802 558
1667319150312 1.3203145608487898 559
1667319157433 1.3186436240110178 560
1667319164574 1.3163192464668036 561
1667319171782 1.3154183578256675 562
1667319178952 1.313342084979267 563
1667319186178 1.310141422491384 564
1667319193196 1.3090294295039882 565
1667319200134 1.3068944842553365 566
1667319207109 1.3045716358290598 567
1667319214323 1.3039221374401406 568
1667319221475 1.3016428547927774 569
1667319228474 1.2987900343767824 570
1667319235564 1.2983337326766355 571
1667319242810 1.2956017832217417 572
1667319249872 1.2954188759364138 573
1667319256947 1.2928529526113333 574
1667319264135 1.2915801224140817 575
1667319271397 1.2888783937272095 576
1667319278474 1.2884908413547351 577
1667319285500 1.2861286987281395 578
1667319292589 1.2830453889300413 579
1667319299615 1.2816552471475653 580
1667319306756 1.2814557356418717 581
1667319313898 1.2782811467084665 582
1667319320935 1.2787013572705164 583
1667319328089 1.2759705359164215 584
1667319335162 1.2735716494323441 585
1667319342413 1.27135874840508 586
1667319349425 1.2697160775536922 587
1667319356590 1.2674497666401003 588
1667319363640 1.2655006205332004 589
1667319370572 1.265495482867576 590
1667319377696 1.2643108022180631 591
1667319384806 1.2610307110617571 592
1667319391818 1.2594813553457183 593
1667319399000 1.257251458260227 594
1667319406149 1.2555914478353762 595
1667319412960 1.253886310810797 596
1667319419911 1.2527495015670358 597
1667319427102 1.249848266408919 598
1667319434362 1.2499726694102526 599
1667319441502 1.2466521487752003 600
1667319448665 1.2459597327977703 601
1667319455820 1.2440934826189012 602
1667319462877 1.2424330790217566 603
1667319469921 1.2410217918849864 604
1667319476955 1.238535442742111 605
1667319483992 1.2375962743320814 606
1667319491064 1.2354309109002959 607
1667319498271 1.2359390923578994 608
1667319505345 1.2318722739350683 609
1667319512373 1.2311428299671598 610
1667319519569 1.2288779654973558 611
1667319526700 1.228074068140385 612
1667319533731 1.2254589983089 613
1667319540887 1.2239122635393 614
1667319547972 1.2226163718035619 615
1667319555106 1.2204192190998444 616
1667319562272 1.2177849502139693 617
1667319569555 1.2174873271378281 618
1667319576637 1.2162584957832236 619
1667319582905 1.2147844470582467 620
1667319589259 1.2125083871660918 621
1667319596316 1.210490396926167 622
1667319603560 1.2088242602235104 623
1667319610740 1.2070322335372947 624
1667319617726 1.2065583473953496 625
1667319624794 1.2048850440631242 626
1667319631819 1.2023227588858663 627
1667319639009 1.2008069793780913 628
1667319646209 1.2016024088317698 629
1667319653516 1.1976552003921292 630
1667319660562 1.1963615182337315 631
1667319667635 1.194922356362097 632
1667319674755 1.191619008637995 633
1667319681801 1.1912899571123408 634
1667319688927 1.1911735871511042 635
1667319695970 1.1883921236648973 636
1667319703029 1.186203710724735 637
1667319710115 1.185409082324728 638
1667319717169 1.1841584073943232 639
1667319724269 1.1820847432115185 640
1667319731489 1.1804796888150548 641
1667319738682 1.178256144921524 642
1667319745852 1.178513421900722 643
1667319752952 1.1757021192941446 644
1667319760065 1.1742979665482707 645
1667319767043 1.1739449807754851 646
1667319774075 1.1711016302799435 647
1667319781091 1.1689665993849976 648
1667319788003 1.1697103064835799 649
1667319794992 1.1670004803702498 650
1667319802192 1.1659311011251634 651
1667319808797 1.164784064266219 652
1667319816046 1.1642796683101189 653
1667319822997 1.161111201752316 654
1667319830020 1.159866537074868 655
1667319837176 1.1581308700578992 656
1667319844124 1.157286518120701 657
1667319851299 1.1562803726506847 658
1667319858267 1.1552129239854851 659
1667319865236 1.1540288779192087 660
1667319872242 1.1519318088545405 661
1667319879320 1.150943555190573 662
1667319886271 1.1479561011656978 663
1667319893391 1.147347010176735 664
1667319900486 1.145531716368577 665
1667319907600 1.1464577939770761 666
1667319914595 1.1442265533406182 667
1667319921685 1.1411624413534616 668
1667319928714 1.1408548237632055 669
1667319935914 1.1394666684349162 670
1667319943208 1.1387864819941398 671
1667319950419 1.1368449231662776 672
1667319957556 1.1346844174523851 673
1667319964588 1.1329824032219002 674
1667319971670 1.1329070285387246 675
1667319977712 1.1312593765344516 676
1667319984554 1.1304055714987349 677
1667319991664 1.1299994696876896 678
1667319998690 1.12739861272326 679
1667320005729 1.1254311090529854 680
1667320012793 1.1241690527592132 681
1667320019785 1.1230831175759495 682
1667320026841 1.1216108931008641 683
1667320034036 1.1205712623459514 684
1667320041121 1.1203434896254798 685
1667320048322 1.1179602146350869 686
1667320055500 1.116956535479107 687
1667320062732 1.1152828070897423 688
1667320069864 1.1152923835120498 689
1667320076837 1.1124862605349504 690
1667320084158 1.1128713036489293 691
1667320091142 1.109775853589723 692
1667320098248 1.109239914665552 693
1667320105337 1.1084041762263028 694
1667320112488 1.1071458953651354 695
1667320119616 1.107304219929868 696
1667320126673 1.1044101925564265 697
1667320133748 1.1054847694963743 698
1667320140831 1.1016493480313907 699
1667320147789 1.1011906718504154 700
1667320154916 1.0991510661417465 701
1667320161979 1.0987374951994726 702
1667320169159 1.0981657004724363 703
1667320176194 1.096519933363961 704
1667320183179 1.0954465089085306 705
1667320190127 1.0939921048473633 706
1667320197133 1.0935888690532791 707
1667320204273 1.090791443249102 708
1667320211235 1.091305957760869 709
1667320218197 1.0907022130133501 710
1667320225434 1.0877385825889243 711
1667320232787 1.087392449095906 712
1667320239767 1.08508973643487 713
1667320246829 1.084141664277747 714
1667320254032 1.0850720647191743 715
1667320261084 1.0828896417627503 716
1667320268153 1.0806240095899742 717
1667320275306 1.0805520758821328 718
1667320282469 1.0780979002063924 719
1667320289573 1.0794232907317063 720
1667320296717 1.076793194848291 721
1667320303783 1.0748600688241068 722
1667320310880 1.0753050575707628 723
1667320317958 1.0732747655831976 724
1667320325008 1.0728093819184736 725
1667320331993 1.0717700475895098 726
1667320339132 1.0695082761519152 727
1667320346223 1.06932195671297 728
1667320353387 1.0682223009367648 729
1667320360389 1.0664507485572325 730
1667320367433 1.0651726219676727 731
1667320374522 1.065891097366729 732
1667320381605 1.063227049986171 733
1667320388718 1.0634679284093338 734
1667320395774 1.062131926215164 735
1667320402810 1.0603028543121618 736
1667320409934 1.0601767277297043 737
1667320417000 1.0598011550214268 738
1667320424174 1.0586383191911628 739
1667320431221 1.056574630931404 740
1667320438243 1.0557137296270969 741
1667320445314 1.055120735430491 742
1667320452298 1.0536092864690674 743
1667320458983 1.0521587280801712 744
1667320465913 1.051333837807583 745
1667320472968 1.051121362635368 746
1667320480050 1.0493500802458708 747
1667320487085 1.0495132733657047 748
1667320494213 1.0472854770709896 749
1667320501298 1.0471687753011285 750
1667320508395 1.0459116632611651 751
1667320515495 1.044582695142951 752
1667320522640 1.0443683625723323 753
1667320529859 1.0417283471355283 754
1667320537050 1.0399634924741257 755
1667320544221 1.039760813258558 756
1667320551486 1.040147466638114 757
1667320558672 1.0394637186176257 758
1667320565764 1.0372501881224492 759
1667320572847 1.0361976240593511 760
1667320579952 1.0356825220233064 761
1667320587096 1.0346305816759087 762
1667320594403 1.032644133130278 763
1667320601083 1.0328073698112405 764
1667320608050 1.0311084562151855 765
1667320615230 1.0297588158899278 766
1667320622462 1.030678451374638 767
1667320629481 1.0291163287500837 768
1667320636472 1.0289781706627543 769
1667320643700 1.0270939150691194 770
1667320650957 1.0249922816594874 771
1667320657938 1.0240426917372112 772
1667320665077 1.0243993018686852 773
1667320672081 1.0217251581628901 774
1667320679186 1.021605410763496 775
1667320686180 1.0210931697706194 776
1667320693122 1.0199328261342915 777
1667320700193 1.019850785658269 778
1667320707236 1.0187529872905772 779
1667320713972 1.0185332636941562 780
1667320721009 1.0150651935300963 781
1667320728118 1.0145274955511416 782
1667320735201 1.014744733474148 783
1667320742274 1.0144959364283521 784
1667320749327 1.0122417517643285 785
1667320756342 1.0123474901716454 786
1667320763500 1.0109343835666997 787
1667320770439 1.010341555203641 788
1667320776220 1.0101885813587879 789
1667320783219 1.0087055825859592 790
1667320790237 1.0081317733917663 791
1667320797378 1.0066553362350774 792
1667320804472 1.0056278745528802 793
1667320811526 1.0064145955010704 794
1667320818733 1.0049403959245824 795
1667320825788 1.0034291430640576 796
1667320832840 1.001261385822393 797
1667320839879 1.002136723824563 798
1667320847048 1.0011594328458144 799
1667320854224 1.0014400837015427 800
1667320861257 0.9985601681321252 801
1667320868288 0.9979771600892133 802
1667320875291 0.9979110899781922 803
1667320882355 0.9971764887527662 804
1667320889572 0.9965895413442577 805
1667320896670 0.9962378500112846 806
1667320903844 0.9946303482153522 807
1667320910859 0.9930302840600668 808
1667320918011 0.9922354854997172 809
1667320925105 0.9921604628539473 810
1667320932111 0.9912365999077845 811
1667320939231 0.989538493501768 812
1667320946400 0.9891034435364575 813
1667320953670 0.989271231925714 814
1667320960777 0.9882216935262105 815
1667320967870 0.9877462850294735 816
1667320974821 0.9853836942155778 817
1667320981865 0.9847397803451508 818
1667320989122 0.9841853320355978 819
1667320996182 0.9842405887156361 820
1667321003200 0.9821329566484552 821
1667321010164 0.981902569370645 822
1667321017324 0.9817931970513174 823
1667321024633 0.9808152906566333 824
1667321031696 0.979980255493558 825
1667321038816 0.9791526573241323 826
1667321045895 0.978043507648129 827
1667321053081 0.9771151898512199 828
1667321060226 0.9771973522963808 829
1667321066665 0.9755230750711673 830
1667321073723 0.9741527435737517 831
1667321080886 0.9736227298223665 832
1667321087791 0.9739424724187424 833
1667321094766 0.9728663345973236 834
1667321101762 0.9727239397277341 835
1667321108882 0.971746520522168 836
1667321116018 0.9705809654827195 837
1667321123147 0.9697243274168049 838
1667321130252 0.9698664983342752 839
1667321137457 0.9670981502557221 840
1667321144371 0.9682100110028945 841
1667321151410 0.9671781665292977 842
1667321158540 0.9663667092087149 843
1667321165697 0.9655471061997045 844
1667321172761 0.9657097062553447 845
1667321179729 0.9645245621534345 846
1667321186887 0.9631484339021278 847
1667321194091 0.9626655961251647 848
1667321201298 0.9632279326484678 849
1667321208290 0.9607917137110411 850
1667321215473 0.9613328211747484 851
1667321222517 0.9592863999034204 852
1667321229591 0.9593033743478874 853
1667321236449 0.957342135807148 854
1667321243501 0.9575507432181929 855
1667321250605 0.9561985514886182 856
1667321257518 0.9560384474583526 857
1667321264474 0.9546375708146528 858
1667321271621 0.9558998058313755 859
1667321278829 0.9540685806094872 860
1667321285966 0.9532615795145203 861
1667321293018 0.9531783665577139 862
1667321300276 0.9518439131845774 863
1667321307426 0.9497861543637441 864
1667321314538 0.9514216437248394 865
1667321321668 0.9499816383605411 866
1667321328680 0.9503611768400005 867
1667321335855 0.948713584248295 868
1667321342833 0.9481276421121535 869
1667321349932 0.9467949835909594 870
1667321356991 0.9464550023567402 871
1667321364225 0.9461300651286318 872
1667321371221 0.9458162911751862 873
1667321378489 0.9444159732845939 874
1667321385670 0.9433932928633819 875
1667321392877 0.9429192226203197 876
1667321399869 0.9425014072025809 877
1667321407029 0.9413785191007676 878
1667321414080 0.9404817743775318 879
1667321421114 0.940233533062152 880
1667321428326 0.9399055586458062 881
1667321435595 0.9390451389300452 882
1667321442314 0.9383297983349744 883
1667321449407 0.9375937704092936 884
1667321456477 0.9368805264197341 885
1667321463521 0.9360148679753172 886
1667321470617 0.935195489757501 887
1667321477926 0.9358576611998608 888
1667321484972 0.9332781393419612 889
1667321492050 0.9319921213339918 890
1667321499265 0.933006072707545 891
1667321506432 0.932299688316912 892
1667321513494 0.9320910615363794 893
1667321520670 0.9319034517721211 894
1667321527791 0.930048592904206 895
1667321534820 0.9288522889041513 896
1667321541989 0.9291075317232063 897
1667321549154 0.9274625211367775 898
1667321556316 0.927378297428344 899
1667321563483 0.9270738525419739 900
1667321570673 0.9262266369533991 901
1667321577773 0.9257830936395977 902
1667321584881 0.9256275768822698 903
1667321592018 0.9238620526593284 904
1667321599127 0.9244772926619936 905
1667321606159 0.9220779809388086 906
1667321613398 0.9231475580842556 907
1667321620713 0.9229277734881016 908
1667321627646 0.9210564640111807 909
1667321634831 0.9209740192628133 910
1667321641969 0.9199214614978315 911
1667321649077 0.9196719971650976 912
1667321656077 0.9190970699794418 913
1667321663198 0.9179874620573492 914
1667321670386 0.9176146813758032 915
1667321677503 0.9181453133029724 916
1667321684505 0.9158854877710181 917
1667321691614 0.9163178245624176 918
1667321698833 0.9141565147721622 919
1667321705967 0.9153112972830012 920
1667321713082 0.9147140858353721 921
1667321720273 0.9145334824171609 922
1667321727320 0.9119758640429867 923
1667321734418 0.9115237463745851 924
1667321741534 0.9121702269750825 925
1667321748779 0.9108471529939929 926
1667321755729 0.9098028383411093 927
1667321762869 0.9094704899891423 928
1667321769973 0.9095329334062184 929
1667321777084 0.9087638863775591 930
1667321784301 0.9087968992026398 931
1667321791373 0.907407183245613 932
1667321798566 0.9071165277158875 933
1667321805593 0.9065403331733299 934
1667321812669 0.9057533832385711 935
1667321819719 0.9062675464205858 936
1667321826655 0.9044737561000574 937
1667321833800 0.9031942644367548 938
1667321840790 0.9045857843441264 939
1667321847898 0.9034196020911475 940
1667321855045 0.902375124526315 941
1667321862264 0.9018889881336867 942
1667321869305 0.9012257344363664 943
1667321876592 0.900388866541667 944
1667321883654 0.8989554223992446 945
1667321890836 0.8993035403448012 946
1667321897963 0.8984676511146967 947
1667321905215 0.8979239103408325 948
1667321912305 0.8986897588362526 949
1667321919448 0.8963593292470865 950
1667321926457 0.8961729424193077 951
1667321933718 0.8961778207501369 952
1667321940705 0.8964315470980336 953
1667321947836 0.8949315506191557 954
1667321955055 0.8956101650683009 955
1667321962073 0.8937664440803967 956
1667321969281 0.8927931779113522 957
1667321976382 0.8927745335157885 958
1667321983548 0.8928212363530693 959
1667321990806 0.8920595952318514 960
1667321997881 0.8916103445610165 961
1667322005079 0.8901997196261886 962
1667322012111 0.890654032617767 963
1667322019259 0.8889208442785523 964
1667322026544 0.8893594262739858 965
1667322033642 0.8890056074514803 966
1667322040834 0.8884725410749016 967
1667322047901 0.8870730457607571 968
1667322055013 0.8874740587949268 969
1667322062088 0.885955167370703 970
1667322069239 0.885161910898569 971
1667322076209 0.886759526997279 972
1667322083280 0.8842240384447526 973
1667322090337 0.8837710112495047 974
1667322097339 0.8831899299752599 975
1667322104442 0.8833168527285797 976
1667322111457 0.8824041676852887 977
1667322118572 0.8814558925832466 978
1667322125691 0.8815001802192938 979
1667322132681 0.8813064692989295 980
1667322139428 0.8800234219496577 981
1667322146406 0.8799116186686416 982
1667322153578 0.8785886899991469 983
1667322160762 0.8778230703487648 984
1667322167842 0.8785355758917703 985
1667322175091 0.8772930724690371 986
1667322182108 0.87689513658531 987
1667322189258 0.8765236083291764 988
1667322196494 0.8764713909502269 989
1667322203577 0.8755195688259165 990
1667322210701 0.8752662889062954 991
1667322217729 0.8749778265565674 992
1667322224975 0.8738695820199586 993
1667322232131 0.872414035977874 994
1667322239121 0.8736497134253322 995
1667322246309 0.8732278301725556 996
1667322253411 0.8729718349358444 997
1667322260618 0.870927307436311 998
1667322267735 0.8703893492834862 999
1667322274755 0.8694569849215822 1000
