1666959359227 5.314374440606365 1
1666959435727 1.9658184043772398 2
1666959511700 1.7040698896016075 3
1666959587785 1.5727661395535517 4
1666959663787 1.4570625551104974 5
1666959739687 1.350411395696359 6
1666959815720 1.2494919793419634 7
1666959891661 1.152814462231164 8
1666959967550 1.060811561059153 9
1666960044007 0.9758529803961313 10
1666960119971 0.900743841102775 11
1666960195739 0.8373859067280809 12
1666960271510 0.7855729012180552 13
1666960347395 0.7459197515120969 14
1666960423149 0.714538796616053 15
1666960499361 0.6895739247230931 16
1666960575400 0.6678652247466128 17
1666960652936 0.6490956171967904 18
1666960729052 0.6315162298336714 19
1666960805340 0.6152941895952169 20
1666960881657 0.6002493792859659 21
1666960957416 0.585936830387758 22
1666961037347 0.5720222127296827 23
1666961121468 0.5585628775429483 24
1666961206867 0.5458138989398383 25
1666961292644 0.5343998409136245 26
1666961382264 0.52329826796707 27
1666961467139 0.5129305971095195 28
1666961553391 0.5026937068769419 29
1666961640161 0.4935371253340868 30
1666961727010 0.4846275536018796 31
1666961816576 0.4763029149434892 32
1666961903434 0.4685534196874195 33
1666961988871 0.4609217089316488 34
1666962069023 0.45352159344659926 35
1666962148483 0.4466062970459461 36
1666962230138 0.4399855088413337 37
1666962310563 0.4330685939912331 38
1666962392002 0.4268395992831672 39
1666962474409 0.42056921160755406 40
1666962553587 0.41405897038736783 41
1666962632232 0.4089333897435199 42
1666962708974 0.40309005796686576 43
1666962786613 0.39762071105537017 44
1666962862962 0.39288907388479555 45
1666962940099 0.388696908489094 46
1666963017995 0.38413901371364756 47
1666963095067 0.37954892707037546 48
1666963175856 0.375310905501673 49
1666963257769 0.3712007549095289 50
