1667355449561 37.839713913960594 1
1667355457545 24.47545883104348 2
1667355465651 17.91238456418185 3
1667355474207 15.439869220866713 4
1667355482347 13.982524688853774 5
1667355490328 12.962329978655855 6
1667355498295 12.348234084986466 7
1667355506313 11.999843562839784 8
1667355514294 11.78337442353062 9
1667355522286 11.62385927424059 10
1667355530745 11.494409601437246 11
1667355539228 11.383914870700497 12
1667355547188 11.286882586094325 13
1667355555355 11.200308092804843 14
1667355563713 11.122085328956635 15
1667355572155 11.04953203612248 16
1667355580595 10.979480935186759 17
1667355588917 10.909721891139666 18
1667355597346 10.837681836697048 19
1667355605664 10.762833589405107 20
1667355614242 10.683462600049177 21
1667355622797 10.598797156448729 22
1667355631308 10.506693668143694 23
1667355640212 10.40711866211141 24
1667355650089 10.297514810118564 25
1667355660008 10.177409707602985 26
1667355668560 10.044052604774445 27
1667355677399 9.897069400377704 28
1667355686070 9.736642512185792 29
1667355694584 9.562988847127203 30
1667355703175 9.379205997029342 31
1667355711426 9.188850611570595 32
1667355719903 8.997313522770694 33
1667355728491 8.810595645624048 34
1667355737009 8.631570212655125 35
1667355745830 8.462741857025105 36
1667355754376 8.30671274164633 37
1667355762872 8.161629429920264 38
1667355771306 8.02447099855269 39
1667355779504 7.894315005979525 40
1667355788019 7.773634064866156 41
1667355797609 7.658638589359341 42
1667355805930 7.54734555861203 43
1667355814579 7.4328386720815205 44
1667355822812 7.3127076365716155 45
1667355831214 7.187037690882807 46
1667355839343 7.051241431696144 47
1667355847606 6.902012222279602 48
1667355855531 6.7405936784848635 49
1667355863443 6.567251498982942 50
1667355871930 6.38061174371174 51
1667355880086 6.184586207126299 52
1667355888249 5.98050092827279 53
1667355896776 5.7750300168175706 54
1667355905333 5.575849877662763 55
1667355913486 5.392670956584237 56
1667355921917 5.2383343954908215 57
1667355930551 5.11574444154382 58
1667355939007 5.02301306046148 59
1667355947127 4.9504449891000375 60
1667355955572 4.892641531051265 61
1667355964142 4.844034625306501 62
1667355972569 4.800920113574627 63
1667355980847 4.763080991244022 64
1667355989357 4.730478777360329 65
1667355997616 4.699672065420451 66
1667356005804 4.669511006648172 67
1667356014054 4.641650133110104 68
1667356022458 4.61565924881258 69
1667356030961 4.590960808720047 70
1667356039460 4.566125488232327 71
1667356047150 4.543256991049823 72
1667356055178 4.520895553271193 73
1667356063164 4.499510399212427 74
1667356071139 4.478179798895944 75
1667356078419 4.456706277404373 76
1667356086469 4.43761045278831 77
1667356094473 4.418271881366396 78
1667356102403 4.398750570216682 79
1667356110312 4.379653946482532 80
1667356118255 4.3599343655373595 81
1667356126180 4.34096710634623 82
1667356134153 4.321940304275739 83
1667356142313 4.304483906066531 84
1667356150331 4.284985781286712 85
1667356158531 4.267264752193939 86
1667356166885 4.248272890961448 87
1667356175450 4.230874351780001 88
1667356184017 4.213638207573245 89
1667356192388 4.1937641931949985 90
1667356200604 4.176354802217431 91
1667356208849 4.158387353416996 92
1667356217097 4.139233464336917 93
1667356225336 4.123214927931327 94
1667356233569 4.106332014507211 95
1667356241779 4.0887163654887075 96
1667356249994 4.07214732886013 97
1667356258247 4.054462949530045 98
1667356266403 4.0378872744035785 99
1667356274970 4.021722781756019 100
1667356283539 4.004582063933241 101
1667356292105 3.990738470234721 102
1667356301731 3.975593199889735 103
1667356310668 3.9591365229904083 104
1667356319469 3.943879585544975 105
1667356328501 3.929099564105476 106
1667356337580 3.9153600164297995 107
1667356346241 3.902568484991585 108
1667356355087 3.8865879496047335 109
1667356364240 3.873497032760432 110
1667356372912 3.8594221433601694 111
1667356381921 3.845926516318615 112
1667356390696 3.8331040636459224 113
1667356399705 3.819058776961795 114
1667356408685 3.807125473234461 115
1667356417940 3.7942545436394037 116
1667356426690 3.7812564190370113 117
1667356435557 3.76802119111232 118
1667356444113 3.7568261561413308 119
1667356453100 3.7439931123918777 120
1667356461739 3.7319452465803615 121
1667356470370 3.7199308008730165 122
1667356478354 3.7095744012155545 123
1667356486766 3.6979018752291166 124
1667356495383 3.686144584466266 125
1667356503566 3.6752640633511313 126
1667356511995 3.6647492107386137 127
1667356520547 3.6537473117767054 128
1667356529385 3.642826392533189 129
1667356537883 3.6338017324416323 130
1667356546457 3.6211514893700096 131
1667356555301 3.6113568994072653 132
1667356563642 3.6006198621644203 133
1667356571770 3.5906369203011086 134
1667356579927 3.5818841849974827 135
1667356588617 3.5727394920367384 136
1667356597129 3.5630445992000777 137
1667356606104 3.552733487412639 138
1667356615088 3.5434047138642026 139
1667356623602 3.53483990295478 140
1667356631462 3.523720988333633 141
1667356639811 3.5145508368511043 142
1667356647979 3.5059233345346152 143
1667356656795 3.4974725531406508 144
1667356665837 3.4874843479670514 145
1667356674541 3.477419952809729 146
1667356682786 3.4700750390987554 147
1667356690958 3.4612871093316215 148
1667356699335 3.4513249288831624 149
1667356708068 3.4424758754089657 150
1667356716169 3.4351112120944074 151
1667356724092 3.4252949748417585 152
1667356730923 3.417749381913369 153
1667356738956 3.408625731879155 154
1667356746894 3.3997516810649397 155
1667356754843 3.3919826396186767 156
1667356762942 3.382998205405417 157
1667356771402 3.3748110646914524 158
1667356779842 3.3654965356338855 159
1667356788030 3.3573069278910124 160
1667356796199 3.3480146963113637 161
1667356804430 3.3409861302571486 162
1667356812639 3.3326672832143944 163
1667356820886 3.3239868302025646 164
1667356829248 3.314895323134969 165
1667356837414 3.307297629876274 166
1667356845769 3.2990718496971025 167
1667356853804 3.290222078072552 168
1667356862141 3.2825482402878485 169
1667356870520 3.2743778969944746 170
1667356878559 3.2659852636414906 171
1667356887003 3.258077791141583 172
1667356895286 3.2476122838364745 173
1667356903268 3.239658151377405 174
1667356911217 3.231012435235012 175
1667356919259 3.2227629298795266 176
1667356927549 3.2134868112455153 177
1667356935805 3.2066552623922946 178
1667356944348 3.1967973453483243 179
1667356953088 3.186439007887599 180
1667356961334 3.17934749994004 181
1667356969813 3.1697244799088193 182
1667356977918 3.1628386748065376 183
1667356985565 3.152936128519791 184
1667356993867 3.1436307959859904 185
1667357001954 3.1359863695873282 186
1667357010049 3.1258636688974097 187
1667357018051 3.1184256702213053 188
1667357026063 3.1093314835131576 189
1667357034143 3.0982436070527 190
1667357042174 3.088375534999876 191
1667357050468 3.077590719008087 192
1667357058909 3.069619871319237 193
1667357067107 3.061829897757268 194
1667357075387 3.0509398574297473 195
1667357083234 3.04249150722852 196
1667357091563 3.0321720453685024 197
1667357099571 3.0231484938744155 198
1667357107953 3.012536837203395 199
1667357116297 3.0036618885279682 200
1667357124557 2.9935232682609687 201
1667357132781 2.982561786955913 202
1667357141043 2.9743144026614736 203
1667357149494 2.9629673528524494 204
1667357157886 2.952264732481191 205
1667357165920 2.942301109535097 206
1667357173803 2.9332334205569386 207
1667357182407 2.9227474560978965 208
1667357190940 2.910440384444721 209
1667357199063 2.902310038599531 210
1667357207307 2.8909645542074327 211
1667357215862 2.8800318067442374 212
1667357224183 2.868873193309669 213
1667357232457 2.858700773743696 214
1667357240841 2.8480038671421775 215
1667357249022 2.8374154271326053 216
1667357257594 2.8257615607022912 217
1667357265732 2.814501455479216 218
1667357273736 2.803303858201579 219
1667357281246 2.7922381108012635 220
1667357289185 2.780170196099092 221
1667357297246 2.7695116810041966 222
1667357305170 2.7587524765411904 223
1667357313181 2.749196643053099 224
1667357321152 2.734443930977836 225
1667357329164 2.72375782977703 226
1667357337223 2.7112544699993735 227
1667357345255 2.7006578270942176 228
1667357353527 2.68739331759278 229
1667357361637 2.6772358672318806 230
1667357369593 2.6646609482866306 231
1667357377579 2.6519479052801955 232
1667357385577 2.6407425490841168 233
1667357393544 2.6278756013810227 234
1667357401542 2.61473899708727 235
1667357409525 2.6036614803380744 236
1667357417444 2.5920716729193476 237
1667357425465 2.5799236855738465 238
1667357433520 2.5666948144722896 239
1667357441525 2.553996670099355 240
1667357449541 2.5412844338756253 241
1667357457485 2.530288340618118 242
1667357465363 2.515684762421776 243
1667357473324 2.5035071925816883 244
1667357481332 2.491221458372111 245
1667357489370 2.4796042448844857 246
1667357497394 2.4674749206012643 247
1667357505425 2.454820944085493 248
1667357513394 2.4420821828571455 249
1667357521352 2.4311427373729555 250
1667357529294 2.4188929050549275 251
1667357537213 2.407671892467667 252
1667357545170 2.3948909710027615 253
1667357553174 2.3828405759076903 254
1667357561211 2.3687417077463726 255
1667357569166 2.3591935084024303 256
1667357577200 2.3473970716979697 257
1667357585227 2.3363746103770757 258
1667357593165 2.3237167019524425 259
1667357601143 2.313779546648631 260
1667357609129 2.3031307734885393 261
1667357617144 2.2913401401646323 262
1667357625107 2.2800298988329892 263
1667357633103 2.2703644983093323 264
1667357641141 2.259183868990062 265
1667357649126 2.2485529609157027 266
1667357657118 2.239398442402421 267
1667357665095 2.2301016946090066 268
1667357673137 2.2212451486841926 269
1667357681155 2.211760907916788 270
1667357689149 2.2009105260615147 271
1667357696766 2.1917638447640204 272
1667357704756 2.1839158936580785 273
1667357712712 2.1747735815808156 274
1667357720670 2.166333346050513 275
1667357728588 2.1584696109252492 276
1667357736921 2.149085242673245 277
1667357745062 2.1431707511522213 278
1667357753161 2.132586808276405 279
1667357761117 2.125972905375889 280
1667357769353 2.1177875041635517 281
1667357777568 2.111525086999429 282
1667357785761 2.1032606188396423 283
1667357793985 2.0958656052639646 284
1667357802227 2.090790827912769 285
1667357810474 2.083302113226272 286
1667357818672 2.074278737671887 287
1667357826793 2.069596535815423 288
1667357834949 2.0630500700258523 289
1667357842863 2.0559831859719737 290
1667357851016 2.049931253702794 291
1667357859029 2.0430685860473057 292
1667357867318 2.037718523054214 293
1667357875337 2.0314086212912925 294
1667357883303 2.024918896065854 295
1667357891242 2.0198741797587125 296
1667357899234 2.01240755892811 297
1667357907218 2.0096932576023927 298
1667357915145 2.0017956107365613 299
1667357923102 1.9955127635300567 300
1667357931085 1.9913017604647845 301
1667357938978 1.9833616740726414 302
1667357947268 1.9798040376153103 303
1667357955850 1.9738585391424586 304
1667357964248 1.9699026164987345 305
1667357972722 1.9627776426427506 306
1667357980949 1.9590444994119547 307
1667357989143 1.9531774768954915 308
1667357997444 1.947327077409148 309
1667358005693 1.9425255405511477 310
1667358014118 1.9371457995003454 311
1667358022550 1.9330630803483293 312
1667358030893 1.9280921184494786 313
1667358039284 1.9219388428937882 314
1667358047774 1.91679850395988 315
1667358056092 1.912427935774773 316
1667358064379 1.9086782202919597 317
1667358072642 1.900293846422279 318
1667358080931 1.8984652765798504 319
1667358089164 1.8927795015754516 320
1667358097511 1.8888318640792745 321
1667358105773 1.8828707154937059 322
1667358113959 1.8800231043030233 323
1667358122179 1.8729441725685887 324
1667358130330 1.870748372618542 325
1667358138525 1.8640628439946312 326
1667358146686 1.863229079424275 327
1667358154842 1.8565869620210005 328
1667358163004 1.8516938785236283 329
1667358171195 1.8479484877410242 330
1667358179258 1.8439749699040084 331
1667358187457 1.8396197642249383 332
1667358195656 1.8343674061073325 333
1667358203903 1.8302037014273058 334
1667358211697 1.8236890884495955 335
1667358219935 1.8217426857690642 336
1667358228168 1.817861284342086 337
1667358236374 1.814283158971575 338
1667358244223 1.8093387788281394 339
1667358252393 1.805966632208811 340
1667358260641 1.8019015131016274 341
1667358268892 1.7965142034432466 342
1667358277139 1.792733242773488 343
1667358285270 1.7897339342556966 344
1667358293421 1.7854425308438562 345
1667358301584 1.7811893465254767 346
1667358309817 1.7777073904362326 347
1667358318036 1.7739440045139858 348
1667358326236 1.7718405192552285 349
1667358334500 1.7654822065753584 350
1667358342714 1.7623443431673234 351
1667358350906 1.7573536704568302 352
1667358359105 1.7558847551021302 353
1667358367254 1.7505400508805273 354
1667358375440 1.7475345313304427 355
1667358383693 1.7436631615853342 356
1667358392087 1.7384261249598987 357
1667358400329 1.7357635777316243 358
1667358408653 1.7326619462218396 359
1667358416892 1.7285174010512603 360
1667358425089 1.7252144644752898 361
1667358433323 1.7215291121019058 362
1667358441596 1.7186237839439173 363
1667358449633 1.7131665326991257 364
1667358457845 1.7106296805162926 365
1667358466167 1.706159037314916 366
1667358474251 1.70344739826205 367
1667358482861 1.6998440829575796 368
1667358491329 1.6945676233838587 369
1667358499203 1.6912592886329187 370
1667358507395 1.6890701616919317 371
1667358515659 1.6841709488230756 372
1667358523921 1.681875778655184 373
1667358532228 1.678495200363621 374
1667358540479 1.6751153575493438 375
1667358548706 1.6715070780993486 376
1667358556964 1.667035696057223 377
1667358565156 1.6640847411755824 378
1667358573429 1.6608779359450907 379
1667358581694 1.6579269281449625 380
1667358589943 1.654813352121211 381
1667358598144 1.6514615227765164 382
1667358606398 1.64879423220898 383
1667358614574 1.6451746527864897 384
1667358622821 1.6412610470351703 385
1667358630779 1.6386026805916498 386
1667358638943 1.6345771431270604 387
1667358647185 1.6309833752880671 388
1667358655631 1.6291699653284983 389
1667358663924 1.6239434379967064 390
1667358671861 1.6216939715451972 391
1667358680237 1.6176223349228767 392
1667358688706 1.615456949588212 393
1667358696877 1.6114363535810594 394
1667358704916 1.6088603079298616 395
1667358713182 1.6074491224561278 396
1667358721706 1.6044340856913504 397
1667358729847 1.599991583424619 398
1667358737965 1.596549748864774 399
1667358746101 1.5930756920828866 400
1667358754265 1.5909568190003875 401
1667358762373 1.5887452640791109 402
1667358770474 1.585221107615981 403
1667358778538 1.581454830134616 404
1667358786699 1.578648444647339 405
1667358794848 1.5746958217648572 406
1667358802902 1.5725878847281356 407
1667358810867 1.571207220389644 408
1667358818989 1.5668217746487394 409
1667358827184 1.5637665171425907 410
1667358835455 1.5604960888461115 411
1667358843601 1.5579489523139762 412
1667358851787 1.5557076708399646 413
1667358859886 1.5542178307895622 414
1667358868016 1.5502752625420384 415
1667358876089 1.546984713560253 416
1667358884225 1.5445075667426296 417
1667358892388 1.5426411635857764 418
1667358900582 1.538536233733193 419
1667358908772 1.5374881256417603 420
1667358916994 1.5353365538058301 421
1667358925126 1.5328566226522182 422
1667358933315 1.5286344809995305 423
1667358941487 1.5257997684455928 424
1667358949676 1.5231134399017459 425
1667358957843 1.5223778340705605 426
1667358966053 1.5184955817485475 427
1667358974255 1.5159496910635653 428
1667358982368 1.5134113593442333 429
1667358990400 1.5100608044463208 430
1667358998586 1.5069620591956516 431
1667359006711 1.5056801544943195 432
1667359014799 1.5033239881455818 433
1667359023013 1.5013310660171117 434
1667359031144 1.4989625329684297 435
1667359039340 1.4965411330459872 436
1667359047416 1.4937960391127787 437
1667359055383 1.4910298132129962 438
1667359063508 1.4891534694120105 439
1667359071556 1.4871452295625258 440
1667359079684 1.4853335025984025 441
1667359087823 1.4807684068273748 442
1667359096023 1.4793364920139964 443
1667359104197 1.4776873987692978 444
1667359112315 1.474594037485514 445
1667359120664 1.4726713480460987 446
1667359128819 1.4708334273580976 447
1667359137088 1.467945359779774 448
1667359145251 1.4656852559172504 449
1667359153761 1.4638178751545305 450
1667359161897 1.4611636496642058 451
1667359170030 1.4583897854618106 452
1667359178186 1.4557648385924615 453
1667359186438 1.4534712529418896 454
1667359194594 1.4523281086282105 455
1667359202807 1.449804252174093 456
1667359211115 1.4487238229544153 457
1667359219398 1.4456738623116476 458
1667359227889 1.4427798569569346 459
1667359236190 1.4412227409156664 460
1667359244436 1.4389341968925804 461
1667359252673 1.4368950688113267 462
1667359260975 1.43557703611218 463
1667359268930 1.4324295524859396 464
1667359277142 1.4307426943783883 465
1667359285399 1.4296874611672885 466
1667359293619 1.4277097417293918 467
1667359301864 1.424652994372124 468
1667359309967 1.4224153177968129 469
1667359318180 1.4202478619957426 470
1667359326364 1.4179566298317159 471
1667359334559 1.4160464786798292 472
1667359342873 1.414402509803811 473
1667359351133 1.4127999285666626 474
1667359359408 1.4090180722983852 475
1667359367644 1.4070887689347469 476
1667359375828 1.4059126651075078 477
1667359383996 1.402990786651743 478
1667359392304 1.4026081396519077 479
1667359400709 1.400709935042258 480
1667359408802 1.3966901123972173 481
1667359417129 1.3969989679498973 482
1667359425545 1.393487639225785 483
1667359433906 1.3921439546362973 484
1667359442147 1.3905003227792914 485
1667359450417 1.388228085233477 486
1667359458636 1.3856222286473874 487
1667359466803 1.3827261669935835 488
1667359474329 1.3818755347979867 489
1667359482613 1.37947788500264 490
1667359490882 1.3772860414230057 491
1667359499186 1.3751042482994813 492
1667359507448 1.3742219235763342 493
1667359515694 1.372474039669076 494
1667359523967 1.370488491852127 495
1667359532246 1.3693326149854386 496
1667359540651 1.3655719786026246 497
1667359548933 1.3645794126835795 498
1667359557280 1.3624571258082436 499
1667359565595 1.3606953204045054 500
1667359573868 1.358672201062684 501
1667359582194 1.3564298450946808 502
1667359590484 1.3549822643705007 503
1667359598784 1.3532218311374393 504
1667359607100 1.3511174438997757 505
1667359615391 1.3486462682893272 506
1667359623701 1.346704290030593 507
1667359632346 1.3450519463350608 508
1667359640911 1.3423940734237065 509
1667359649261 1.3422654682895228 510
1667359657324 1.3381283556387624 511
1667359665821 1.3386351010174824 512
1667359674123 1.335271787759625 513
1667359682377 1.3332897659936453 514
1667359690668 1.3315722697940635 515
1667359699173 1.3304151845981256 516
1667359707434 1.3276339267901618 517
1667359715863 1.3272205001678414 518
1667359723864 1.3240301247823745 519
1667359731886 1.3233770297689902 520
1667359739872 1.322240780075826 521
1667359747816 1.320045725795378 522
1667359756017 1.3163928058095247 523
1667359764025 1.3153574555989982 524
1667359772065 1.313920850283307 525
1667359780048 1.3110905439680807 526
1667359788104 1.3097223376322706 527
1667359796169 1.3087360025593748 528
1667359804269 1.3064683631531353 529
1667359812669 1.305057321971973 530
1667359821042 1.3017359303588254 531
1667359829241 1.301963548062601 532
1667359837433 1.2990355926238397 533
1667359845364 1.2973201144410222 534
1667359853323 1.295318786294369 535
1667359861330 1.293872329303243 536
1667359868898 1.2909867494238385 537
1667359877340 1.2906148685027734 538
1667359885540 1.2878115499027776 539
1667359894327 1.2845241799237137 540
1667359902892 1.2830928126617593 541
1667359911984 1.2823824517214837 542
1667359920063 1.2804073829575864 543
1667359928218 1.2787756013356546 544
1667359935909 1.2767083209451344 545
1667359943854 1.2738310310750098 546
1667359951757 1.2728547919057462 547
1667359959736 1.270469359329885 548
1667359967755 1.2700508183273507 549
1667359975701 1.2673791053662875 550
1667359983661 1.2660618501469472 551
1667359991527 1.2646602738939134 552
1667359999686 1.2613003603329247 553
1667360008083 1.261580204884184 554
1667360016359 1.2589505852573384 555
1667360024495 1.2571648389977568 556
1667360032796 1.2543496974067387 557
1667360041015 1.2543594384038497 558
1667360049181 1.2515038915192542 559
1667360056822 1.2488502507211408 560
1667360064732 1.2477710275985963 561
1667360072716 1.245634064863139 562
1667360082311 1.245596336315497 563
1667360093441 1.2433596558552924 564
1667360101923 1.2407972879921851 565
1667360110428 1.239152259431606 566
1667360118515 1.2365742858025346 567
1667360126896 1.2365944616588294 568
1667360135380 1.2346900875199835 569
1667360144624 1.2320912954704544 570
1667360152567 1.230979493721076 571
1667360160802 1.2283806473872894 572
1667360169058 1.2271727860463137 573
1667360177219 1.2265225889520508 574
1667360185506 1.2233408503794965 575
1667360194796 1.2220305484272387 576
