1667302737308 38.32713366072407 1
1667302744469 24.88498636857787 2
1667302751558 18.29085266719518 3
1667302758907 15.746678464286525 4
1667302766133 14.239187667295438 5
1667302773259 13.225285599804312 6
1667302780377 12.646241625257877 7
1667302787641 12.328819922546842 8
1667302794891 12.127197764298323 9
1667302802046 11.976279211173711 10
1667302809359 11.851893869475076 11
1667302816453 11.74439055964937 12
1667302823617 11.649853640527867 13
1667302830830 11.564976780676615 14
1667302838094 11.488068199384164 15
1667302845352 11.415414107379629 16
1667302852604 11.344824619015004 17
1667302859863 11.2734594676679 18
1667302867109 11.200333308979484 19
1667302874234 11.122970550645805 20
1667302881491 11.040732962143792 21
1667302888710 10.952866422919762 22
1667302895998 10.856515826654887 23
1667302903019 10.752069863082596 24
1667302910282 10.638442433834722 25
1667302917507 10.513161060929784 26
1667302924661 10.374696205073166 27
1667302931963 10.22325740061104 28
1667302939232 10.058533685987 29
1667302946445 9.88218262771415 30
1667302953514 9.696166015302149 31
1667302960538 9.506902576139856 32
1667302967722 9.31806071820382 33
1667302975042 9.136197294761885 34
1667302981626 8.961575554054498 35
1667302988868 8.80018072632954 36
1667302996029 8.647900373511916 37
1667303003031 8.507366930451775 38
1667303010092 8.3728909798199 39
1667303017165 8.24601418653369 40
1667303024450 8.125286614878693 41
1667303031636 8.008084646558826 42
1667303038722 7.892274897489974 43
1667303045859 7.772313582444288 44
1667303052917 7.6474484020851685 45
1667303060122 7.512449470352447 46
1667303067237 7.368899651670391 47
1667303074256 7.213254078515026 48
1667303081452 7.045350458114085 49
1667303088585 6.863362720410568 50
1667303095553 6.67285848537326 51
1667303102683 6.470274515601641 52
1667303109858 6.2623662251468595 53
1667303117046 6.056777287936761 54
1667303124309 5.8613627294187145 55
1667303131359 5.685702411743485 56
1667303138578 5.537708050845597 57
1667303145839 5.424560770574386 58
1667303153032 5.335587707837207 59
1667303160193 5.268722202027345 60
1667303167366 5.210928578066211 61
1667303174508 5.161264914023504 62
1667303181593 5.118054654009469 63
1667303188668 5.079541885221992 64
1667303195870 5.043936075316679 65
1667303203141 5.00992666842009 66
1667303210359 4.9786748587680805 67
1667303217539 4.949835515895725 68
1667303224626 4.919809348547637 69
1667303231716 4.892119061752769 70
1667303238862 4.8660144503436875 71
1667303245838 4.8391407864873415 72
1667303252968 4.8147579696802785 73
1667303259595 4.790146899676226 74
1667303266810 4.76699892470924 75
1667303273995 4.741454692595364 76
1667303281123 4.717116306562437 77
1667303288167 4.69445841671492 78
1667303295416 4.671752201330063 79
1667303302685 4.648559021901243 80
1667303309841 4.6256678258062545 81
1667303317034 4.60232500321506 82
1667303324149 4.581862739096503 83
1667303331203 4.558001191920147 84
1667303338401 4.536180660310562 85
1667303345561 4.514193270067347 86
1667303352743 4.491354822344178 87
1667303360009 4.470064902200466 88
1667303367117 4.448748748208645 89
1667303374413 4.426787005269867 90
1667303381577 4.405215457182888 91
1667303388825 4.384464179563716 92
1667303395632 4.364466509469652 93
1667303402634 4.342529743869399 94
1667303409890 4.322757329190279 95
1667303417128 4.303886807838321 96
1667303424225 4.2851789487750755 97
1667303431324 4.265147045638862 98
1667303438475 4.245645320399322 99
1667303445488 4.228313804481537 100
1667303452488 4.208799894621123 101
1667303459629 4.189747587149632 102
1667303466769 4.172345103046464 103
1667303473874 4.155039855146343 104
1667303481136 4.13697011645484 105
1667303488362 4.11978279707228 106
1667303495364 4.103452760539191 107
1667303502557 4.086415234867236 108
1667303509635 4.069040824713507 109
1667303516842 4.052462347812213 110
1667303523927 4.037216360201829 111
1667303531158 4.021186252300257 112
1667303538311 4.005928514446947 113
1667303545373 3.989784303400539 114
1667303552717 3.9763025678239328 115
1667303559817 3.961704659615637 116
1667303567005 3.9477353912842648 117
1667303574155 3.932189387819013 118
1667303581349 3.918016803596204 119
1667303588604 3.904410985302246 120
1667303595770 3.8917956559273086 121
1667303603015 3.877923589225055 122
1667303610265 3.8663882511684333 123
1667303617558 3.8525576998291378 124
1667303624697 3.8404274012696304 125
1667303631881 3.8280003596516767 126
1667303639098 3.8173515528157416 127
1667303646282 3.8026310633286693 128
1667303653426 3.7932369637440795 129
1667303660721 3.7812904574816066 130
1667303667958 3.7698886307964816 131
1667303675140 3.7597401859074466 132
1667303682412 3.7483786677327537 133
1667303689705 3.7374463911134157 134
1667303696848 3.7264743915568213 135
1667303703976 3.717637880767217 136
1667303711220 3.7067544916025494 137
1667303718370 3.6965932360416836 138
1667303725462 3.6854150841970457 139
1667303732647 3.6758246960439385 140
1667303739831 3.6659571973245537 141
1667303746927 3.6555617209043723 142
1667303753540 3.6454165900578492 143
1667303760537 3.635690365911662 144
1667303767603 3.6265057679594292 145
1667303774586 3.615830137658475 146
1667303781549 3.6061851350714424 147
1667303788659 3.597211288548551 148
1667303795728 3.5885205593571734 149
1667303802878 3.5770369375091717 150
1667303809876 3.569956735079777 151
1667303817201 3.55876099743869 152
1667303824432 3.547448307963207 153
1667303831424 3.540038942279777 154
1667303837730 3.5291492386621246 155
1667303844910 3.520135857114313 156
1667303852138 3.510202532505245 157
1667303859174 3.5012544341375254 158
1667303866380 3.4912806497014848 159
1667303873344 3.480001954040825 160
1667303880475 3.4724267490683287 161
1667303887723 3.4615030803868048 162
1667303894981 3.4521366831324642 163
1667303902185 3.4420857311831723 164
1667303909437 3.4302374472288135 165
1667303916525 3.422284550145976 166
1667303923627 3.409701103149955 167
1667303930779 3.399760331276152 168
1667303937832 3.389694846468994 169
1667303945007 3.3822083969371777 170
1667303952091 3.3692802591110342 171
1667303959394 3.357971578755566 172
1667303966454 3.347412215927401 173
1667303973678 3.3377124329920216 174
1667303980808 3.32745070979909 175
1667303987907 3.316106345752201 176
1667303994997 3.3060180384316955 177
1667304002153 3.292581607156725 178
1667304009272 3.284771217743448 179
1667304016329 3.2719561771832133 180
1667304023392 3.2611116038248693 181
1667304030454 3.2488648171664254 182
1667304037514 3.2373268717503128 183
1667304044675 3.2249018894445296 184
1667304051844 3.2150353657503787 185
1667304059008 3.205168910274027 186
1667304066238 3.192417090872411 187
1667304073291 3.1810497388830017 188
1667304080293 3.167803345574129 189
1667304087575 3.1559248628901013 190
1667304094719 3.1446767622046425 191
1667304101704 3.133120789335411 192
1667304108860 3.119556768495322 193
1667304115943 3.1077607270820495 194
1667304123192 3.0958534957110637 195
1667304130356 3.08442213953431 196
1667304137446 3.0707934384349245 197
1667304144632 3.0591574728165423 198
1667304151610 3.046270885736033 199
1667304158861 3.0337158452461663 200
1667304166055 3.0212155315251654 201
1667304173113 3.0082785452398872 202
1667304180312 2.9953155099860362 203
1667304187383 2.9810372642778478 204
1667304194452 2.969165740820252 205
1667304201693 2.9574935312510506 206
1667304208788 2.94379827537886 207
1667304215956 2.930332423914401 208
1667304223069 2.9173494729047875 209
1667304230240 2.9045569110596032 210
1667304237350 2.8912522285327498 211
1667304244567 2.87889844490521 212
1667304251676 2.865532651361649 213
1667304258858 2.8512825103352806 214
1667304265981 2.839222164498579 215
1667304273106 2.8257465990136406 216
1667304280202 2.8133685698826243 217
1667304287318 2.7991539096330853 218
1667304294308 2.7860194541706 219
1667304301517 2.7735711931373563 220
1667304308541 2.761416015097697 221
1667304315655 2.747050750530559 222
1667304322831 2.73444370887011 223
1667304329981 2.72057712130663 224
1667304337146 2.707026009886365 225
1667304344308 2.693836937118903 226
1667304351254 2.6813152187391407 227
1667304358223 2.668310993359888 228
1667304365431 2.6537614310693547 229
1667304372770 2.6412288904837062 230
1667304380020 2.6281475704188586 231
1667304387294 2.615734767032284 232
1667304394557 2.602607084501388 233
1667304401757 2.590892234278825 234
1667304408769 2.5783171663856894 235
1667304415872 2.564735921946439 236
1667304423022 2.5523873506116415 237
1667304430149 2.540498555596195 238
1667304437455 2.528469485295191 239
1667304444590 2.5172905331550814 240
1667304451390 2.5044036161867216 241
1667304458590 2.4938872008100454 242
1667304465870 2.482097154313868 243
1667304473101 2.4727148099864356 244
1667304480259 2.4600776547978014 245
1667304487494 2.4488804495641947 246
1667304494783 2.437067636236892 247
1667304502000 2.42797285160669 248
1667304509228 2.4178841006480853 249
1667304516535 2.4059848485759674 250
1667304523631 2.39756885591485 251
1667304530770 2.386308704577437 252
1667304537979 2.3771613524516533 253
1667304545157 2.3663989921761335 254
1667304552217 2.35811234567835 255
1667304559435 2.348760561509566 256
1667304566610 2.338738612598124 257
1667304573919 2.3305858549948786 258
1667304581034 2.3206179282315875 259
1667304588015 2.3131017682105908 260
1667304594806 2.3033189108365266 261
1667304602067 2.2948888738006556 262
1667304609153 2.2872287534793974 263
1667304616190 2.2794190930705542 264
1667304623230 2.269941031002772 265
1667304630502 2.262788510104209 266
1667304637740 2.2555810636063605 267
1667304645015 2.247954166687651 268
1667304652237 2.240051497840493 269
1667304659400 2.2315436800590525 270
1667304666383 2.22491618825105 271
1667304673685 2.2161722405228557 272
1667304680784 2.2101881043679676 273
1667304687901 2.2032154801742676 274
1667304695093 2.1956718029856197 275
1667304702213 2.189491192513276 276
1667304709427 2.1837662850662034 277
1667304716418 2.174882780057928 278
1667304723494 2.1686194044521416 279
1667304730484 2.1632500917042936 280
1667304737535 2.155295452944621 281
1667304744647 2.1495754436527856 282
1667304751802 2.1437015737655853 283
1667304759010 2.1372297398917874 284
1667304766071 2.1309227621943525 285
1667304773283 2.125656263273477 286
1667304780388 2.1171192823627427 287
1667304787553 2.113242798048897 288
1667304794558 2.1069828451812023 289
1667304801633 2.1004558550535095 290
1667304808776 2.0945318435069824 291
1667304815971 2.0895852483354074 292
1667304823078 2.083226655684462 293
1667304830312 2.0779908911263116 294
1667304837318 2.072633478866342 295
1667304844382 2.0677923996865832 296
1667304851485 2.0612677317946706 297
1667304858805 2.056218818800582 298
1667304866054 2.050334640039356 299
1667304873115 2.046095873538804 300
1667304880465 2.0401605284763966 301
1667304887757 2.034967557303456 302
1667304894980 2.0293494197091384 303
1667304902228 2.02644866031659 304
1667304909407 2.018128004698449 305
1667304916523 2.0137881827888204 306
1667304923884 2.0085293649414018 307
1667304931065 2.0034537126121883 308
1667304938426 1.9992601425062202 309
1667304945546 1.993052390569586 310
1667304952611 1.9887913927294345 311
1667304959844 1.9834318068004853 312
1667304966978 1.9778583903608684 313
1667304974106 1.973974334659861 314
1667304981379 1.967497156728236 315
1667304988499 1.9637708926783164 316
1667304995809 1.9588957055695506 317
1667305002955 1.956115505790775 318
1667305010105 1.9511332589137182 319
1667305017329 1.9453409405139601 320
1667305024491 1.940752992191664 321
1667305031699 1.9371774552473382 322
1667305038873 1.9328089280400218 323
1667305045970 1.9278730568924622 324
1667305053252 1.922459302068242 325
1667305060379 1.9196294075032263 326
1667305067618 1.9155700341615134 327
1667305074650 1.9102990234237835 328
1667305081832 1.9040639324055597 329
1667305089114 1.9024685970640247 330
1667305096260 1.8981967558288186 331
1667305103387 1.8923904950777257 332
1667305110475 1.8895563076438542 333
1667305117738 1.884173820227425 334
1667305124763 1.8807530392623497 335
1667305132013 1.8760620173638032 336
1667305139319 1.871709035828285 337
1667305146506 1.8678421299080674 338
1667305153544 1.8626508929714904 339
1667305160817 1.860570220643177 340
1667305168049 1.8549841681806172 341
1667305175299 1.8513657018805132 342
1667305182423 1.847780504838906 343
1667305189515 1.8443846656072738 344
1667305196877 1.8419463484872796 345
1667305204126 1.8377399044654747 346
1667305211209 1.832493682648466 347
1667305218494 1.827051615456228 348
1667305225782 1.8263474676348623 349
1667305232979 1.8206731099407902 350
1667305240092 1.817138782491354 351
1667305247186 1.8123315427972957 352
1667305254325 1.8086433300250582 353
1667305261551 1.80702515947285 354
1667305268641 1.8008309931897406 355
1667305275702 1.7997114419775384 356
1667305282794 1.794322485435284 357
1667305289953 1.7919837984090905 358
1667305297324 1.787676284865576 359
1667305304488 1.7826892571217978 360
1667305311707 1.779417616137009 361
1667305318882 1.7758451883593926 362
1667305326078 1.774708547860667 363
1667305333176 1.769749349440616 364
1667305340239 1.7656234582049553 365
1667305347458 1.7620085304959334 366
1667305354655 1.7584323515885558 367
1667305361725 1.7539182313625654 368
1667305368862 1.751038981866966 369
1667305376088 1.7487975886872535 370
1667305383259 1.7435866144651313 371
1667305390454 1.740506677181944 372
1667305397622 1.7381996081148754 373
1667305404668 1.7331607514636003 374
1667305411010 1.7304271883362832 375
1667305417993 1.7262888310156166 376
1667305425155 1.7229923864717884 377
1667305432442 1.7204051779600789 378
1667305439617 1.718591933455849 379
1667305446797 1.713569414280001 380
1667305453847 1.7096193982957986 381
1667305461072 1.707761438985531 382
1667305468439 1.70331829020013 383
1667305475352 1.69925504813686 384
1667305482412 1.697607153811804 385
1667305489518 1.6949460185366698 386
1667305496524 1.6913479078899731 387
1667305503681 1.6887451578108557 388
1667305510725 1.6858771522422011 389
1667305517900 1.6822500614654097 390
1667305525133 1.6792635778356926 391
1667305532391 1.676764107927215 392
1667305539092 1.6732262886929221 393
1667305546247 1.6701404363361758 394
1667305553236 1.6670502067987114 395
1667305560493 1.6640951407004243 396
1667305567160 1.6601189683258453 397
1667305574221 1.6566027449785126 398
1667305581369 1.6552740055638058 399
1667305588572 1.65189554741457 400
1667305595926 1.6502109462119832 401
1667305603148 1.6434752167767392 402
1667305610445 1.6436765450514155 403
1667305617665 1.6408213117997714 404
1667305624873 1.6384496268294397 405
1667305631967 1.6357730526168763 406
1667305638984 1.631797412256211 407
1667305646025 1.6303602367477792 408
1667305653290 1.6273516486910662 409
1667305660258 1.6239484778859399 410
1667305667438 1.620801173383054 411
1667305674502 1.6186673058907084 412
1667305681563 1.6151858798684389 413
1667305688591 1.6135906300114486 414
1667305695840 1.6094406060925008 415
1667305703103 1.6074411781300035 416
1667305710282 1.6055021931592937 417
1667305717413 1.6023604335058657 418
1667305724489 1.6006895088397342 419
1667305731692 1.5992958473504155 420
1667305738751 1.59597248037117 421
1667305745938 1.593674183983654 422
1667305753225 1.5912983591391565 423
1667305759520 1.589293577696931 424
1667305766694 1.5851796537314211 425
1667305773916 1.582500019604833 426
1667305780929 1.5801542781222626 427
1667305788084 1.5774766552480624 428
1667305795167 1.5754410710029072 429
1667305802199 1.5724299866478673 430
1667305809314 1.57164824536649 431
1667305816466 1.5665993021859244 432
1667305823543 1.5669365693667203 433
1667305830673 1.5639431055235895 434
1667305837917 1.5608444657262663 435
1667305845106 1.5595101714942963 436
1667305852189 1.5568447927243028 437
1667305859417 1.5543593592244216 438
1667305866629 1.5517285172619038 439
1667305873617 1.549369821676244 440
1667305880725 1.5489126247135236 441
1667305887856 1.5450078427508533 442
1667305895129 1.544245394166645 443
1667305902190 1.5413635465717057 444
1667305909234 1.5387952197317838 445
1667305916435 1.537113903537696 446
1667305923557 1.5354714401501004 447
1667305930658 1.5321854326666777 448
1667305937715 1.5310378380554501 449
1667305944874 1.5271075174839235 450
1667305952065 1.5256128842301737 451
1667305959204 1.523002980380563 452
1667305966361 1.5216287760066534 453
1667305973411 1.518315195026359 454
1667305980617 1.5173728583302233 455
1667305987668 1.516176905488062 456
1667305994799 1.5122966436388696 457
1667306001850 1.5115557161325355 458
1667306008960 1.510765691726308 459
1667306016128 1.5074454682652954 460
1667306023205 1.5045211734288098 461
1667306030196 1.5034247649734993 462
1667306037282 1.5013892782834362 463
1667306044506 1.497495532076265 464
1667306051613 1.4966154675753824 465
1667306058764 1.4949870497756605 466
1667306065854 1.493468408446299 467
1667306073007 1.4905563557730277 468
1667306080099 1.489258858876927 469
1667306087474 1.485976902224639 470
1667306094724 1.4853169916847182 471
1667306102000 1.4831201222041568 472
1667306109177 1.4799263321641665 473
1667306116245 1.479101275956938 474
1667306123338 1.4767789492128338 475
1667306130529 1.4738978267807812 476
1667306137610 1.472917541133662 477
1667306144762 1.4719841484298861 478
1667306152030 1.4694897025580969 479
1667306159229 1.4669384819075082 480
1667306166305 1.4662035796867134 481
1667306173373 1.4621441030680244 482
1667306180597 1.4614251458782355 483
1667306187609 1.4589646463478274 484
1667306194846 1.4560201113065516 485
1667306202100 1.4547948465458898 486
1667306209198 1.4541198644418083 487
1667306216326 1.4520926266059462 488
1667306223391 1.4489434492272633 489
1667306230466 1.4480812416350017 490
1667306237712 1.4464265215874041 491
1667306245045 1.4452835362470295 492
1667306252239 1.4425462192199932 493
1667306259205 1.441053268523682 494
1667306266320 1.4386090195688497 495
1667306273526 1.4366989973806137 496
1667306280645 1.4341522281334875 497
1667306287796 1.4331256131789416 498
1667306294929 1.4310113283801758 499
1667306302062 1.4287873230358963 500
1667306308431 1.4274042414114627 501
1667306315757 1.4249721123170982 502
1667306322974 1.4234201079146025 503
1667306330241 1.421426247284726 504
1667306337566 1.4192611927942473 505
1667306344540 1.417455221714611 506
1667306351729 1.414775730675564 507
1667306358771 1.4134380045060064 508
1667306365955 1.412489658052271 509
1667306372948 1.4093705531578697 510
1667306380075 1.408546319709057 511
1667306387183 1.406548414536053 512
1667306394415 1.4044493036281465 513
1667306401429 1.4031692435775391 514
1667306408530 1.4016338286559973 515
1667306415644 1.3994426072816513 516
1667306422674 1.3982249018173851 517
1667306429690 1.3950504711355252 518
1667306436939 1.3919111946585059 519
1667306444101 1.3909137974438868 520
1667306451304 1.3887639957981808 521
1667306458545 1.3864301186120656 522
1667306465673 1.3855793275131139 523
1667306472864 1.3838208370729572 524
1667306479936 1.3825015969968715 525
1667306487090 1.3815670027782991 526
1667306494321 1.377931876332983 527
1667306501576 1.375806111170123 528
1667306508662 1.374431567324712 529
1667306515773 1.3730629600048712 530
1667306522918 1.3707654011945065 531
1667306530021 1.3698067554099589 532
1667306537198 1.3666496694775416 533
1667306544278 1.3661851967044245 534
1667306551525 1.3643013467175666 535
1667306558687 1.3630985800818802 536
1667306565432 1.360146099264295 537
1667306572683 1.3592697814450658 538
1667306579987 1.3564763425304738 539
1667306587167 1.35550215621978 540
1667306594281 1.3534052828516372 541
1667306601308 1.3517172694853234 542
1667306608370 1.349716775938161 543
1667306615668 1.3472857897648818 544
1667306622484 1.3461642475594011 545
1667306628276 1.3424790651819276 546
1667306634066 1.3424245698561985 547
1667306641083 1.3397329302866068 548
1667306648339 1.338401778642811 549
1667306655549 1.3359724723783244 550
1667306662838 1.3346832699699673 551
1667306669982 1.3342441025833263 552
1667306677028 1.3316182136899581 553
1667306684250 1.3293894753567723 554
1667306691443 1.3277729875439706 555
1667306698623 1.326217578681062 556
1667306705678 1.3240284073385165 557
1667306712868 1.3221880060846802 558
1667306719900 1.3203145608487898 559
1667306727121 1.3186436240110178 560
1667306734193 1.3163192464668036 561
1667306741417 1.3154183578256675 562
1667306748673 1.313342084979267 563
1667306755812 1.310141422491384 564
1667306762966 1.3090294295039882 565
1667306770125 1.3068944842553365 566
1667306777152 1.3045716358290598 567
1667306784430 1.3039221374401406 568
1667306791560 1.3016428547927774 569
1667306798673 1.2987900343767824 570
1667306805693 1.2983337326766355 571
1667306812756 1.2956017832217417 572
1667306819990 1.2954188759364138 573
1667306827014 1.2928529526113333 574
1667306834140 1.2915801224140817 575
1667306841360 1.2888783937272095 576
1667306848430 1.2884908413547351 577
1667306855545 1.2861286987281395 578
1667306862810 1.2830453889300413 579
1667306869941 1.2816552471475653 580
1667306877160 1.2814557356418717 581
1667306884257 1.2782811467084665 582
1667306891474 1.2787013572705164 583
1667306898534 1.2759705359164215 584
1667306905551 1.2735716494323441 585
1667306912750 1.27135874840508 586
1667306919758 1.2697160775536922 587
1667306926925 1.2674497666401003 588
1667306934200 1.2655006205332004 589
1667306941477 1.265495482867576 590
1667306948679 1.2643108022180631 591
1667306955862 1.2610307110617571 592
1667306963025 1.2594813553457183 593
1667306970241 1.257251458260227 594
1667306977424 1.2555914478353762 595
1667306984649 1.253886310810797 596
1667306991888 1.2527495015670358 597
1667306998941 1.249848266408919 598
1667307006017 1.2499726694102526 599
1667307013061 1.2466521487752003 600
1667307020141 1.2459597327977703 601
1667307027435 1.2440934826189012 602
1667307034438 1.2424330790217566 603
1667307041612 1.2410217918849864 604
1667307048900 1.238535442742111 605
1667307056034 1.2375962743320814 606
1667307063084 1.2354309109002959 607
1667307070138 1.2359390923578994 608
1667307077297 1.2318722739350683 609
1667307084567 1.2311428299671598 610
1667307091709 1.2288779654973558 611
1667307098761 1.228074068140385 612
1667307105949 1.2254589983089 613
1667307113067 1.2239122635393 614
1667307120152 1.2226163718035619 615
1667307127397 1.2204192190998444 616
1667307134345 1.2177849502139693 617
1667307141515 1.2174873271378281 618
1667307148710 1.2162584957832236 619
1667307155797 1.2147844470582467 620
1667307162818 1.2125083871660918 621
1667307169992 1.210490396926167 622
1667307177014 1.2088242602235104 623
1667307184163 1.2070322335372947 624
1667307191320 1.2065583473953496 625
1667307198473 1.2048850440631242 626
1667307205488 1.2023227588858663 627
1667307212610 1.2008069793780913 628
1667307219745 1.2016024088317698 629
1667307226958 1.1976552003921292 630
1667307234226 1.1963615182337315 631
1667307241277 1.194922356362097 632
1667307248555 1.191619008637995 633
1667307255738 1.1912899571123408 634
1667307262950 1.1911735871511042 635
1667307270098 1.1883921236648973 636
1667307277093 1.186203710724735 637
1667307284271 1.185409082324728 638
1667307291456 1.1841584073943232 639
1667307298651 1.1820847432115185 640
1667307305700 1.1804796888150548 641
1667307312879 1.178256144921524 642
1667307320091 1.178513421900722 643
1667307327298 1.1757021192941446 644
1667307334471 1.1742979665482707 645
1667307341631 1.1739449807754851 646
1667307348772 1.1711016302799435 647
1667307355916 1.1689665993849976 648
1667307363142 1.1697103064835799 649
1667307370171 1.1670004803702498 650
1667307377262 1.1659311011251634 651
1667307384417 1.164784064266219 652
1667307391683 1.1642796683101189 653
1667307398795 1.161111201752316 654
1667307405696 1.159866537074868 655
1667307412841 1.1581308700578992 656
1667307419997 1.157286518120701 657
1667307427151 1.1562803726506847 658
1667307434180 1.1552129239854851 659
1667307441289 1.1540288779192087 660
1667307448439 1.1519318088545405 661
1667307455521 1.150943555190573 662
1667307462785 1.1479561011656978 663
1667307469859 1.147347010176735 664
1667307477065 1.145531716368577 665
1667307484430 1.1464577939770761 666
1667307490655 1.1442265533406182 667
1667307497574 1.1411624413534616 668
1667307504820 1.1408548237632055 669
1667307511905 1.1394666684349162 670
1667307519042 1.1387864819941398 671
1667307526079 1.1368449231662776 672
1667307533157 1.1346844174523851 673
1667307540098 1.1329824032219002 674
1667307547200 1.1329070285387246 675
1667307554157 1.1312593765344516 676
1667307561284 1.1304055714987349 677
1667307568462 1.1299994696876896 678
1667307575675 1.12739861272326 679
1667307582773 1.1254311090529854 680
1667307589967 1.1241690527592132 681
1667307597040 1.1230831175759495 682
1667307604178 1.1216108931008641 683
1667307611274 1.1205712623459514 684
1667307618424 1.1203434896254798 685
1667307625450 1.1179602146350869 686
1667307632545 1.116956535479107 687
1667307639761 1.1152828070897423 688
1667307647016 1.1152923835120498 689
1667307654200 1.1124862605349504 690
1667307661427 1.1128713036489293 691
1667307668615 1.109775853589723 692
1667307675682 1.109239914665552 693
1667307682946 1.1084041762263028 694
1667307689987 1.1071458953651354 695
1667307696995 1.107304219929868 696
1667307704229 1.1044101925564265 697
1667307711316 1.1054847694963743 698
1667307718460 1.1016493480313907 699
1667307725464 1.1011906718504154 700
1667307732403 1.0991510661417465 701
1667307739503 1.0987374951994726 702
1667307746576 1.0981657004724363 703
1667307753668 1.096519933363961 704
1667307760897 1.0954465089085306 705
1667307767891 1.0939921048473633 706
1667307775019 1.0935888690532791 707
1667307782088 1.090791443249102 708
1667307789266 1.091305957760869 709
1667307796498 1.0907022130133501 710
1667307803569 1.0877385825889243 711
1667307810881 1.087392449095906 712
1667307818015 1.08508973643487 713
1667307825095 1.084141664277747 714
1667307832312 1.0850720647191743 715
1667307839410 1.0828896417627503 716
1667307846493 1.0806240095899742 717
1667307853679 1.0805520758821328 718
1667307860903 1.0780979002063924 719
1667307868031 1.0794232907317063 720
1667307875228 1.076793194848291 721
1667307882277 1.0748600688241068 722
1667307889528 1.0753050575707628 723
1667307896676 1.0732747655831976 724
1667307903965 1.0728093819184736 725
1667307911005 1.0717700475895098 726
1667307918017 1.0695082761519152 727
1667307925087 1.06932195671297 728
1667307932354 1.0682223009367648 729
1667307939479 1.0664507485572325 730
1667307946822 1.0651726219676727 731
1667307954037 1.065891097366729 732
1667307961217 1.063227049986171 733
1667307968241 1.0634679284093338 734
1667307975338 1.062131926215164 735
1667307982528 1.0603028543121618 736
1667307989468 1.0601767277297043 737
1667307996417 1.0598011550214268 738
1667308003655 1.0586383191911628 739
1667308010689 1.056574630931404 740
1667308017858 1.0557137296270969 741
1667308025098 1.055120735430491 742
1667308032349 1.0536092864690674 743
1667308039489 1.0521587280801712 744
1667308046507 1.051333837807583 745
1667308053789 1.051121362635368 746
1667308060994 1.0493500802458708 747
1667308068026 1.0495132733657047 748
1667308074957 1.0472854770709896 749
1667308082182 1.0471687753011285 750
1667308089339 1.0459116632611651 751
1667308096678 1.044582695142951 752
1667308103728 1.0443683625723323 753
1667308110772 1.0417283471355283 754
1667308117895 1.0399634924741257 755
1667308124915 1.039760813258558 756
1667308131989 1.040147466638114 757
1667308139212 1.0394637186176257 758
1667308146379 1.0372501881224492 759
1667308153439 1.0361976240593511 760
1667308160465 1.0356825220233064 761
1667308167558 1.0346305816759087 762
1667308174710 1.032644133130278 763
1667308181780 1.0328073698112405 764
1667308188634 1.0311084562151855 765
1667308195358 1.0297588158899278 766
1667308202499 1.030678451374638 767
1667308209666 1.0291163287500837 768
1667308216716 1.0289781706627543 769
1667308223981 1.0270939150691194 770
1667308231195 1.0249922816594874 771
1667308238229 1.0240426917372112 772
1667308245319 1.0243993018686852 773
1667308252475 1.0217251581628901 774
1667308259654 1.021605410763496 775
1667308266993 1.0210931697706194 776
1667308274143 1.0199328261342915 777
1667308281270 1.019850785658269 778
1667308288426 1.0187529872905772 779
1667308295647 1.0185332636941562 780
1667308302678 1.0150651935300963 781
1667308309803 1.0145274955511416 782
1667308316875 1.014744733474148 783
1667308324042 1.0144959364283521 784
1667308331021 1.0122417517643285 785
1667308338081 1.0123474901716454 786
1667308345182 1.0109343835666997 787
1667308352321 1.010341555203641 788
1667308359400 1.0101885813587879 789
1667308366373 1.0087055825859592 790
1667308373552 1.0081317733917663 791
1667308380599 1.0066553362350774 792
1667308387703 1.0056278745528802 793
1667308394628 1.0064145955010704 794
1667308401689 1.0049403959245824 795
1667308408686 1.0034291430640576 796
1667308415818 1.001261385822393 797
1667308423055 1.002136723824563 798
1667308430365 1.0011594328458144 799
1667308437594 1.0014400837015427 800
1667308444663 0.9985601681321252 801
1667308451690 0.9979771600892133 802
1667308458773 0.9979110899781922 803
1667308465829 0.9971764887527662 804
1667308473088 0.9965895413442577 805
1667308480233 0.9962378500112846 806
1667308487405 0.9946303482153522 807
1667308494718 0.9930302840600668 808
1667308501926 0.9922354854997172 809
1667308509087 0.9921604628539473 810
1667308516292 0.9912365999077845 811
1667308523457 0.989538493501768 812
1667308530665 0.9891034435364575 813
1667308538014 0.989271231925714 814
1667308545322 0.9882216935262105 815
1667308552454 0.9877462850294735 816
1667308559477 0.9853836942155778 817
1667308566556 0.9847397803451508 818
1667308573512 0.9841853320355978 819
1667308580647 0.9842405887156361 820
1667308587880 0.9821329566484552 821
1667308594798 0.981902569370645 822
1667308601951 0.9817931970513174 823
1667308608954 0.9808152906566333 824
1667308616254 0.979980255493558 825
1667308623493 0.9791526573241323 826
1667308630631 0.978043507648129 827
1667308637613 0.9771151898512199 828
1667308644683 0.9771973522963808 829
1667308651652 0.9755230750711673 830
1667308658878 0.9741527435737517 831
1667308665934 0.9736227298223665 832
1667308673086 0.9739424724187424 833
1667308680302 0.9728663345973236 834
1667308687420 0.9727239397277341 835
1667308694513 0.971746520522168 836
1667308701641 0.9705809654827195 837
1667308708901 0.9697243274168049 838
1667308715847 0.9698664983342752 839
1667308722828 0.9670981502557221 840
1667308729870 0.9682100110028945 841
1667308737049 0.9671781665292977 842
1667308744281 0.9663667092087149 843
1667308751448 0.9655471061997045 844
1667308758458 0.9657097062553447 845
1667308765671 0.9645245621534345 846
1667308772714 0.9631484339021278 847
1667308779945 0.9626655961251647 848
1667308787040 0.9632279326484678 849
1667308794331 0.9607917137110411 850
1667308801539 0.9613328211747484 851
1667308808525 0.9592863999034204 852
1667308815769 0.9593033743478874 853
1667308823024 0.957342135807148 854
1667308830261 0.9575507432181929 855
1667308837413 0.9561985514886182 856
1667308844547 0.9560384474583526 857
1667308851606 0.9546375708146528 858
1667308858672 0.9558998058313755 859
1667308865747 0.9540685806094872 860
1667308872983 0.9532615795145203 861
1667308880055 0.9531783665577139 862
1667308887352 0.9518439131845774 863
1667308894334 0.9497861543637441 864
1667308901417 0.9514216437248394 865
1667308908596 0.9499816383605411 866
1667308915586 0.9503611768400005 867
1667308922618 0.948713584248295 868
1667308929734 0.9481276421121535 869
1667308936943 0.9467949835909594 870
1667308944013 0.9464550023567402 871
1667308951114 0.9461300651286318 872
1667308958188 0.9458162911751862 873
1667308965246 0.9444159732845939 874
1667308972313 0.9433932928633819 875
1667308979533 0.9429192226203197 876
1667308986522 0.9425014072025809 877
1667308993544 0.9413785191007676 878
1667309000599 0.9404817743775318 879
1667309007818 0.940233533062152 880
1667309014852 0.9399055586458062 881
1667309022003 0.9390451389300452 882
1667309029361 0.9383297983349744 883
1667309036490 0.9375937704092936 884
1667309043657 0.9368805264197341 885
1667309050887 0.9360148679753172 886
1667309058036 0.935195489757501 887
1667309065146 0.9358576611998608 888
1667309072360 0.9332781393419612 889
1667309079601 0.9319921213339918 890
1667309086790 0.933006072707545 891
1667309093745 0.932299688316912 892
1667309100875 0.9320910615363794 893
1667309107971 0.9319034517721211 894
1667309115029 0.930048592904206 895
1667309122302 0.9288522889041513 896
1667309129244 0.9291075317232063 897
1667309136356 0.9274625211367775 898
1667309143461 0.927378297428344 899
1667309150666 0.9270738525419739 900
1667309157783 0.9262266369533991 901
1667309164964 0.9257830936395977 902
1667309172236 0.9256275768822698 903
1667309179406 0.9238620526593284 904
1667309186674 0.9244772926619936 905
1667309193812 0.9220779809388086 906
1667309201047 0.9231475580842556 907
1667309208011 0.9229277734881016 908
1667309215099 0.9210564640111807 909
1667309222184 0.9209740192628133 910
1667309229473 0.9199214614978315 911
1667309236562 0.9196719971650976 912
1667309243661 0.9190970699794418 913
1667309250788 0.9179874620573492 914
1667309257820 0.9176146813758032 915
1667309265005 0.9181453133029724 916
1667309272253 0.9158854877710181 917
1667309279379 0.9163178245624176 918
1667309286586 0.9141565147721622 919
1667309293703 0.9153112972830012 920
1667309300923 0.9147140858353721 921
1667309308005 0.9145334824171609 922
1667309315091 0.9119758640429867 923
1667309322173 0.9115237463745851 924
1667309329326 0.9121702269750825 925
1667309336544 0.9108471529939929 926
1667309343596 0.9098028383411093 927
1667309350606 0.9094704899891423 928
1667309357728 0.9095329334062184 929
1667309364920 0.9087638863775591 930
1667309372019 0.9087968992026398 931
1667309379255 0.907407183245613 932
1667309386525 0.9071165277158875 933
1667309393791 0.9065403331733299 934
1667309400790 0.9057533832385711 935
1667309407901 0.9062675464205858 936
1667309414925 0.9044737561000574 937
1667309421994 0.9031942644367548 938
1667309429171 0.9045857843441264 939
1667309436308 0.9034196020911475 940
1667309443096 0.902375124526315 941
1667309450136 0.9018889881336867 942
1667309457443 0.9012257344363664 943
1667309464683 0.900388866541667 944
1667309471762 0.8989554223992446 945
1667309478862 0.8993035403448012 946
1667309485971 0.8984676511146967 947
1667309493034 0.8979239103408325 948
1667309500127 0.8986897588362526 949
1667309507247 0.8963593292470865 950
1667309514245 0.8961729424193077 951
1667309521278 0.8961778207501369 952
1667309528328 0.8964315470980336 953
1667309535370 0.8949315506191557 954
1667309542681 0.8956101650683009 955
1667309549913 0.8937664440803967 956
1667309556998 0.8927931779113522 957
1667309564168 0.8927745335157885 958
1667309571338 0.8928212363530693 959
1667309578535 0.8920595952318514 960
1667309585536 0.8916103445610165 961
1667309592091 0.8901997196261886 962
1667309599246 0.890654032617767 963
1667309606401 0.8889208442785523 964
1667309613279 0.8893594262739858 965
1667309620358 0.8890056074514803 966
1667309627609 0.8884725410749016 967
1667309634670 0.8870730457607571 968
1667309641814 0.8874740587949268 969
1667309649080 0.885955167370703 970
1667309656166 0.885161910898569 971
1667309663413 0.886759526997279 972
1667309670563 0.8842240384447526 973
1667309677655 0.8837710112495047 974
1667309684946 0.8831899299752599 975
1667309692184 0.8833168527285797 976
1667309699429 0.8824041676852887 977
1667309706505 0.8814558925832466 978
1667309713490 0.8815001802192938 979
1667309720590 0.8813064692989295 980
1667309727721 0.8800234219496577 981
1667309734890 0.8799116186686416 982
1667309741992 0.8785886899991469 983
1667309749058 0.8778230703487648 984
1667309756183 0.8785355758917703 985
1667309763311 0.8772930724690371 986
1667309770572 0.87689513658531 987
1667309777776 0.8765236083291764 988
1667309785067 0.8764713909502269 989
1667309792302 0.8755195688259165 990
1667309799486 0.8752662889062954 991
1667309806570 0.8749778265565674 992
1667309813608 0.8738695820199586 993
1667309820862 0.872414035977874 994
1667309828011 0.8736497134253322 995
1667309835119 0.8732278301725556 996
1667309842076 0.8729718349358444 997
1667309849290 0.870927307436311 998
1667309856372 0.8703893492834862 999
1667309863441 0.8694569849215822 1000
